% time-domain voltage integration by openEMS v0.37.0-rc1-8-g27dcde1 @Wed Aug 12 21:08:48 2026
% start-coordinates: (8.88178e-19,-0.0061,0) m -> [139,17,14]
% stop-coordinates: (8.88178e-19,-0.0061,0.0015) m -> [139,17,22]
% t/s	voltage
0	-0
9.52548986026e-12	5.15486155983e-08
1.90509797205e-11	2.45481732719e-07
2.85764695808e-11	5.81745005945e-07
3.81019594411e-11	1.01443376366e-06
4.76274493013e-11	1.34285048148e-06
5.71529391616e-11	1.13338148822e-06
6.66784290218e-11	-2.81997863283e-07
7.62039188821e-11	-3.60583658221e-06
8.57294087424e-11	-9.10901792395e-06
9.52548986026e-11	-1.59276080467e-05
1.04780388463e-10	-2.13690739201e-05
1.14305878323e-10	-2.07411424071e-05
1.23831368183e-10	-8.29254531709e-06
1.33356858044e-10	2.03555946428e-05
1.42882347904e-10	6.46150083412e-05
1.52407837764e-10	0.000115460467896
1.61933327624e-10	0.000154255187226
1.71458817485e-10	0.000156032090672
1.80984307345e-10	9.80421536951e-05
1.90509797205e-10	-2.82227729258e-05
2.00035287066e-10	-0.000206225382499
2.09560776926e-10	-0.00039092381121
2.19086266786e-10	-0.000517411601322
2.28611756646e-10	-0.000521773334185
2.38137246507e-10	-0.000367956759874
2.47662736367e-10	-6.96926799719e-05
2.57188226227e-10	0.000303913257085
2.66713716087e-10	0.000645031279419
2.76239205948e-10	0.00084240551223
2.85764695808e-10	0.000822516347398
2.95290185668e-10	0.000579658546485
3.04815675528e-10	0.000181536241143
3.14341165389e-10	-0.000252997771895
3.23866655249e-10	-0.000595528959821
3.33392145109e-10	-0.0007523096574
3.42917634969e-10	-0.000693836009305
3.5244312483e-10	-0.000459392431367
3.6196861469e-10	-0.000136991649924
3.7149410455e-10	0.000171226718521
3.81019594411e-10	0.000383665010304
3.90545084271e-10	0.000461493484181
4.00070574131e-10	0.000412548459281
4.09596063991e-10	0.000278830295429
4.19121553852e-10	0.000115267463116
4.28647043712e-10	-3.08239432343e-05
4.38172533572e-10	-0.000132315657538
4.47698023432e-10	-0.000184134500159
4.57223513293e-10	-0.000196421382498
4.66749003153e-10	-0.000184055867066
4.76274493013e-10	-0.000158066884978
4.85799982873e-10	-0.000122423110952
4.95325472734e-10	-7.64735195844e-05
5.04850962594e-10	-2.03702559247e-05
5.14376452454e-10	4.03917360927e-05
5.23901942314e-10	9.42888318605e-05
5.33427432175e-10	0.000127485327539
5.42952922035e-10	0.000129938922328
5.52478411895e-10	0.000100541263237
5.62003901756e-10	4.85009322801e-05
5.71529391616e-10	-9.78217337888e-06
5.81054881476e-10	-5.67149859307e-05
5.90580371336e-10	-7.97348275228e-05
6.00105861197e-10	-7.44431763451e-05
6.09631351057e-10	-4.47058646387e-05
6.19156840917e-10	1.50939179377e-07
6.28682330777e-10	4.8848701681e-05
6.38207820638e-10	9.0806526714e-05
6.47733310498e-10	0.000117462132948
6.57258800358e-10	0.000122898558402
6.66784290218e-10	0.000104651314359
6.76309780079e-10	6.48833047308e-05
6.85835269939e-10	1.11623843395e-05
6.95360759799e-10	-4.43632993665e-05
7.04886249659e-10	-8.79950639501e-05
7.1441173952e-10	-0.00010904006831
7.2393722938e-10	-0.000103987416878
7.3346271924e-10	-7.81653743616e-05
7.42988209101e-10	-4.37646572209e-05
7.52513698961e-10	-1.4825643575e-05
7.62039188821e-10	-1.37632534347e-06
7.71564678681e-10	-5.38019446594e-06
7.81090168542e-10	-2.03262943614e-05
7.90615658402e-10	-3.45923367604e-05
8.00141148262e-10	-3.69150361621e-05
8.09666638122e-10	-2.14969265926e-05
8.19192127983e-10	9.45892759319e-06
8.28717617843e-10	4.67183199362e-05
8.38243107703e-10	7.78062358222e-05
8.47768597563e-10	9.18844480111e-05
8.57294087424e-10	8.36828521642e-05
8.66819577284e-10	5.51005309717e-05
8.76345067144e-10	1.41609823459e-05
8.85870557004e-10	-2.79704102013e-05
8.95396046865e-10	-6.0607254909e-05
9.04921536725e-10	-7.65366958149e-05
9.14447026585e-10	-7.35837129469e-05
9.23972516446e-10	-5.45533398508e-05
9.33498006306e-10	-2.58614629729e-05
9.43023496166e-10	4.55268201449e-06
9.52548986026e-10	2.94048170417e-05
9.62074475887e-10	4.37874805357e-05
9.71599965747e-10	4.60810542791e-05
9.81125455607e-10	3.79029556825e-05
9.90650945467e-10	2.32114573464e-05
1.00017643533e-09	6.89520913966e-06
1.00970192519e-09	-6.66698082341e-06
1.01922741505e-09	-1.46326062804e-05
1.02875290491e-09	-1.60760414474e-05
1.03827839477e-09	-1.17865738503e-05
1.04780388463e-09	-3.73654913233e-06
1.05732937449e-09	5.47710925503e-06
1.06685486435e-09	1.3095670738e-05
1.07638035421e-09	1.66197942235e-05
1.08590584407e-09	1.43242857575e-05
1.09543133393e-09	5.89073687252e-06
1.10495682379e-09	-7.07035189862e-06
1.11448231365e-09	-2.09933275528e-05
1.12400780351e-09	-3.11393164338e-05
1.13353329337e-09	-3.31507026203e-05
1.14305878323e-09	-2.48771502811e-05
1.15258427309e-09	-7.67014552139e-06
1.16210976295e-09	1.35749853598e-05
1.17163525281e-09	3.18757306559e-05
1.18116074267e-09	4.06822432524e-05
1.19068623253e-09	3.64717957382e-05
1.20021172239e-09	2.02963226457e-05
1.20973721225e-09	-2.43834773528e-06
1.21926270211e-09	-2.39430719375e-05
1.22878819197e-09	-3.69823501387e-05
1.23831368183e-09	-3.75664394596e-05
1.24783917169e-09	-2.63027718574e-05
1.25736466155e-09	-7.89932499856e-06
1.26689015141e-09	1.08918194428e-05
1.27641564128e-09	2.39612993482e-05
1.28594113114e-09	2.80217211639e-05
1.295466621e-09	2.34464137066e-05
1.30499211086e-09	1.35604836942e-05
1.31451760072e-09	2.85402313693e-06
1.32404309058e-09	-5.00923482605e-06
1.33356858044e-09	-8.52214031966e-06
1.3430940703e-09	-8.52487289649e-06
1.35261956016e-09	-7.31865804937e-06
1.36214505002e-09	-7.22705522094e-06
1.37167053988e-09	-9.31296949602e-06
1.38119602974e-09	-1.28179309513e-05
1.3907215196e-09	-1.55307564e-05
1.40024700946e-09	-1.48767190922e-05
1.40977249932e-09	-9.22130186609e-06
1.41929798918e-09	1.18256956227e-06
1.42882347904e-09	1.4018980437e-05
1.4383489689e-09	2.55977186043e-05
1.44787445876e-09	3.21502661791e-05
1.45739994862e-09	3.12342217512e-05
1.46692543848e-09	2.26920524256e-05
1.47645092834e-09	8.78153900885e-06
1.4859764182e-09	-6.5850283022e-06
1.49550190806e-09	-1.92030377093e-05
1.50502739792e-09	-2.6007662882e-05
1.51455288778e-09	-2.6026814794e-05
1.52407837764e-09	-2.05064332022e-05
1.5336038675e-09	-1.22082632288e-05
1.54312935736e-09	-4.21349852786e-06
1.55265484722e-09	1.24914586763e-06
1.56218033708e-09	3.48572245912e-06
1.57170582694e-09	3.30535368676e-06
1.5812313168e-09	2.37622504073e-06
1.59075680666e-09	2.32302920722e-06
1.60028229652e-09	3.98999014806e-06
1.60980778638e-09	7.16849888249e-06
1.61933327624e-09	1.08366681388e-05
1.6288587661e-09	1.37167008916e-05
1.63838425597e-09	1.4833590626e-05
1.64790974583e-09	1.38081285286e-05
1.65743523569e-09	1.07993907932e-05
1.66696072555e-09	6.21309482085e-06
1.67648621541e-09	4.14968626572e-07
1.68601170527e-09	-6.34345417438e-06
1.69553719513e-09	-1.37324923344e-05
1.70506268499e-09	-2.10213440823e-05
1.71458817485e-09	-2.68776082066e-05
1.72411366471e-09	-2.95084926165e-05
1.73363915457e-09	-2.71972248811e-05
1.74316464443e-09	-1.90632697468e-05
1.75269013429e-09	-5.7146289123e-06
1.76221562415e-09	1.05485896711e-05
1.77174111401e-09	2.61619920821e-05
1.78126660387e-09	3.72772460651e-05
1.79079209373e-09	4.0968160647e-05
1.80031758359e-09	3.62158343705e-05
1.80984307345e-09	2.42876230914e-05
1.81936856331e-09	8.34930165183e-06
1.82889405317e-09	-7.55631674565e-06
1.83841954303e-09	-1.9791461682e-05
1.84794503289e-09	-2.61978802882e-05
1.85747052275e-09	-2.65870260137e-05
1.86699601261e-09	-2.25035685162e-05
1.87652150247e-09	-1.64036448496e-05
1.88604699233e-09	-1.06053850004e-05
1.89557248219e-09	-6.43740543183e-06
1.90509797205e-09	-3.90405625694e-06
1.91462346191e-09	-1.95910180878e-06
1.92414895177e-09	7.77441265143e-07
1.93367444163e-09	5.19957984579e-06
1.94319993149e-09	1.11579217901e-05
1.95272542135e-09	1.74019885435e-05
1.96225091121e-09	2.20366341637e-05
1.97177640107e-09	2.32847680763e-05
1.98130189093e-09	2.02264823201e-05
1.99082738079e-09	1.32038514948e-05
2.00035287066e-09	3.73270148657e-06
2.00987836052e-09	-6.02588329457e-06
2.01940385038e-09	-1.40029015938e-05
2.02892934024e-09	-1.88629210243e-05
2.0384548301e-09	-2.03061385946e-05
2.04798031996e-09	-1.89466693428e-05
2.05750580982e-09	-1.58684104008e-05
2.06703129968e-09	-1.20862937365e-05
2.07655678954e-09	-8.15934299681e-06
2.0860822794e-09	-4.10963554032e-06
2.09560776926e-09	3.5348240246e-07
2.10513325912e-09	5.44707438621e-06
2.11465874898e-09	1.09745323016e-05
2.12418423884e-09	1.62063458902e-05
2.1337097287e-09	2.0042399683e-05
2.14323521856e-09	2.13822625028e-05
2.15276070842e-09	1.95379695924e-05
2.16228619828e-09	1.45129662315e-05
2.17181168814e-09	7.03903339172e-06
2.181337178e-09	-1.62587529928e-06
2.19086266786e-09	-1.00395233176e-05
2.20038815772e-09	-1.69160446148e-05
2.20991364758e-09	-2.13487539895e-05
2.21943913744e-09	-2.28747755955e-05
2.2289646273e-09	-2.14189126382e-05
2.23849011716e-09	-1.72013812971e-05
2.24801560702e-09	-1.06847317056e-05
2.25754109688e-09	-2.58382149809e-06
2.26706658674e-09	6.1027188849e-06
2.2765920766e-09	1.4119056118e-05
2.28611756646e-09	2.01037896659e-05
2.29564305632e-09	2.28744574997e-05
2.30516854618e-09	2.17726346818e-05
2.31469403604e-09	1.69389436451e-05
2.3242195259e-09	9.38486778068e-06
2.33374501576e-09	7.89349854813e-07
2.34327050562e-09	-6.94605859053e-06
2.35279599548e-09	-1.22464471133e-05
2.36232148535e-09	-1.43231852689e-05
2.37184697521e-09	-1.33706502083e-05
2.38137246507e-09	-1.04207416598e-05
2.39089795493e-09	-6.90694395189e-06
2.40042344479e-09	-4.10465582945e-06
2.40994893465e-09	-2.66476084221e-06
2.41947442451e-09	-2.42124059469e-06
2.42899991437e-09	-2.54308346825e-06
2.43852540423e-09	-1.96089789029e-06
2.44805089409e-09	1.10280409249e-07
2.45757638395e-09	3.76916975142e-06
2.46710187381e-09	8.31236241083e-06
2.47662736367e-09	1.24515968309e-05
2.48615285353e-09	1.47771975207e-05
2.49567834339e-09	1.42827850595e-05
2.50520383325e-09	1.07473028947e-05
2.51472932311e-09	4.83259975681e-06
2.52425481297e-09	-2.12973483826e-06
2.53378030283e-09	-8.56744850353e-06
2.54330579269e-09	-1.31437382151e-05
2.55283128255e-09	-1.51073546704e-05
2.56235677241e-09	-1.44105240452e-05
2.57188226227e-09	-1.15870262789e-05
2.58140775213e-09	-7.47667053247e-06
2.59093324199e-09	-2.9267438606e-06
2.60045873185e-09	1.4141745055e-06
2.60998422171e-09	5.15346039265e-06
2.61950971157e-09	8.08554329979e-06
2.62903520143e-09	1.00708314221e-05
2.63856069129e-09	1.09503164367e-05
2.64808618115e-09	1.05501317194e-05
2.65761167101e-09	8.77203524396e-06
2.66713716087e-09	5.71638975089e-06
2.67666265073e-09	1.76092429172e-06
2.68618814059e-09	-2.46117551228e-06
2.69571363045e-09	-6.19408172042e-06
2.70523912031e-09	-8.75845751125e-06
2.71476461017e-09	-9.74080671767e-06
2.72429010004e-09	-9.09821926598e-06
2.7338155899e-09	-7.14022252168e-06
2.74334107976e-09	-4.40109573674e-06
2.75286656962e-09	-1.46057108452e-06
2.76239205948e-09	1.21414460352e-06
2.77191754934e-09	3.34811522862e-06
2.7814430392e-09	4.84571029347e-06
2.79096852906e-09	5.71310346231e-06
2.80049401892e-09	5.97156832782e-06
2.81001950878e-09	5.61284741707e-06
2.81954499864e-09	4.61928698314e-06
2.8290704885e-09	3.03114791222e-06
2.83859597836e-09	1.01512979711e-06
2.84812146822e-09	-1.11643319656e-06
2.85764695808e-09	-2.96255456078e-06
2.86717244794e-09	-4.1535569153e-06
2.8766979378e-09	-4.48461133828e-06
2.88622342766e-09	-4.00015937885e-06
2.89574891752e-09	-2.98314904512e-06
2.90527440738e-09	-1.84372046874e-06
2.91479989724e-09	-9.50130768729e-07
2.9243253871e-09	-4.73887283192e-07
2.93385087696e-09	-3.21031990325e-07
2.94337636682e-09	-1.85477462722e-07
2.95290185668e-09	2.9186098871e-07
2.96242734654e-09	1.32549222087e-06
2.9719528364e-09	2.83685014324e-06
2.98147832626e-09	4.42802587486e-06
2.99100381612e-09	5.49999310806e-06
3.00052930598e-09	5.47747310975e-06
3.01005479584e-09	4.05339727649e-06
3.0195802857e-09	1.35341585406e-06
3.02910577556e-09	-2.05144394272e-06
3.03863126542e-09	-5.29831481799e-06
3.04815675528e-09	-7.49988595317e-06
3.05768224514e-09	-8.03085958978e-06
3.067207735e-09	-6.72908379329e-06
3.07673322486e-09	-3.94170365325e-06
3.08625871473e-09	-4.0448532701e-07
3.09578420459e-09	2.9960700374e-06
3.10530969445e-09	5.48893007135e-06
3.11483518431e-09	6.62169361476e-06
3.12436067417e-09	6.33993255406e-06
3.13388616403e-09	4.93355861408e-06
3.14341165389e-09	2.8890684689e-06
3.15293714375e-09	7.15066548196e-07
3.16246263361e-09	-1.19424360889e-06
3.17198812347e-09	-2.61894547293e-06
3.18151361333e-09	-3.49687007883e-06
3.19103910319e-09	-3.86051829082e-06
3.20056459305e-09	-3.77072402102e-06
3.21009008291e-09	-3.28020206553e-06
3.21961557277e-09	-2.43729891736e-06
3.22914106263e-09	-1.31538693893e-06
3.23866655249e-09	-4.04747315663e-08
3.24819204235e-09	1.20805144377e-06
3.25771753221e-09	2.23138161459e-06
3.26724302207e-09	2.8672066037e-06
3.27676851193e-09	3.04168315779e-06
3.28629400179e-09	2.79064389019e-06
3.29581949165e-09	2.23862673465e-06
3.30534498151e-09	1.54404477826e-06
3.31487047137e-09	8.35782522302e-07
3.32439596123e-09	1.71474418664e-07
3.33392145109e-09	-4.63485321234e-07
3.34344694095e-09	-1.11613937293e-06
3.35297243081e-09	-1.80688758178e-06
3.36249792067e-09	-2.48202655939e-06
3.37202341053e-09	-3.00484703075e-06
3.38154890039e-09	-3.19388621506e-06
3.39107439025e-09	-2.89498598249e-06
3.40059988011e-09	-2.05543352649e-06
3.41012536997e-09	-7.66856828704e-07
3.41965085983e-09	7.44819033116e-07
3.42917634969e-09	2.18103954808e-06
3.43870183955e-09	3.26010183471e-06
3.44822732942e-09	3.79866673939e-06
3.45775281928e-09	3.7536868831e-06
3.46727830914e-09	3.21069077813e-06
3.476803799e-09	2.32849282611e-06
3.48632928886e-09	1.26905284503e-06
3.49585477872e-09	1.45763973336e-07
3.50538026858e-09	-9.86919104662e-07
3.51490575844e-09	-2.10163437941e-06
3.5244312483e-09	-3.14476361041e-06
3.53395673816e-09	-3.99461231382e-06
3.54348222802e-09	-4.45990718845e-06
3.55300771788e-09	-4.32909911297e-06
3.56253320774e-09	-3.45579252325e-06
3.5720586976e-09	-1.84558760452e-06
3.58158418746e-09	2.95507831538e-07
3.59110967732e-09	2.57950435412e-06
3.60063516718e-09	4.5242227884e-06
3.61016065704e-09	5.68516003341e-06
3.6196861469e-09	5.78684779384e-06
3.62921163676e-09	4.80729238461e-06
3.63873712662e-09	2.98508987839e-06
3.64826261648e-09	7.46973547905e-07
3.65778810634e-09	-1.41804430598e-06
3.6673135962e-09	-3.09386769004e-06
3.67683908606e-09	-4.0371007799e-06
3.68636457592e-09	-4.21224086722e-06
3.69589006578e-09	-3.75944955522e-06
3.70541555564e-09	-2.91486924198e-06
3.7149410455e-09	-1.9192097227e-06
3.72446653536e-09	-9.4832216746e-07
3.73399202522e-09	-8.59049409385e-08
3.74351751508e-09	6.60326897162e-07
3.75304300494e-09	1.31627106725e-06
3.7625684948e-09	1.89638085146e-06
3.77209398466e-09	2.37713436491e-06
3.78161947452e-09	2.69765735084e-06
3.79114496438e-09	2.78307581425e-06
3.80067045424e-09	2.57651723246e-06
3.81019594411e-09	2.06406161851e-06
3.81972143397e-09	1.28330538018e-06
3.82924692383e-09	3.14721198436e-07
3.83877241369e-09	-7.35935905993e-07
3.84829790355e-09	-1.75501114086e-06
3.85782339341e-09	-2.63109302523e-06
3.86734888327e-09	-3.25819323166e-06
3.87687437313e-09	-3.53844538381e-06
3.88639986299e-09	-3.39141720929e-06
3.89592535285e-09	-2.77412217997e-06
3.90545084271e-09	-1.70706738345e-06
3.91497633257e-09	-2.95414437801e-07
3.92450182243e-09	1.2681448851e-06
3.93402731229e-09	2.72792510714e-06
3.94355280215e-09	3.81584260367e-06
3.95307829201e-09	4.31576563642e-06
3.96260378187e-09	4.12136398609e-06
3.97212927173e-09	3.26750935642e-06
3.98165476159e-09	1.923085307e-06
3.99118025145e-09	3.46963137332e-07
4.00070574131e-09	-1.17840752978e-06
4.01023123117e-09	-2.41374280563e-06
4.01975672103e-09	-3.20884146277e-06
4.02928221089e-09	-3.51582482949e-06
4.03880770075e-09	-3.37151828944e-06
4.04833319061e-09	-2.86148485884e-06
4.05785868047e-09	-2.08395536561e-06
4.06738417033e-09	-1.12855626355e-06
4.07690966019e-09	-7.5171710634e-08
4.08643515005e-09	9.92544187284e-07
4.09596063991e-09	1.97226572141e-06
4.10548612977e-09	2.74067639339e-06
4.11501161963e-09	3.17068327149e-06
4.12453710949e-09	3.16509945719e-06
4.13406259935e-09	2.69375374273e-06
4.14358808921e-09	1.8174281422e-06
4.15311357907e-09	6.85539497169e-07
4.16263906893e-09	-4.95281099688e-07
4.1721645588e-09	-1.51314955588e-06
4.18169004866e-09	-2.20563165954e-06
4.19121553852e-09	-2.4980202511e-06
4.20074102838e-09	-2.41225177433e-06
4.21026651824e-09	-2.04473934673e-06
4.2197920081e-09	-1.52338871828e-06
4.22931749796e-09	-9.61496496643e-07
4.23884298782e-09	-4.261895441e-07
4.24836847768e-09	6.78324321157e-08
4.25789396754e-09	5.39949560618e-07
4.2674194574e-09	1.0111002382e-06
4.27694494726e-09	1.47317295784e-06
4.28647043712e-09	1.87450521594e-06
4.29599592698e-09	2.12831696444e-06
4.30552141684e-09	2.14067125626e-06
4.3150469067e-09	1.84688353499e-06
4.32457239656e-09	1.24163943838e-06
4.33409788642e-09	3.91345487571e-07
4.34362337628e-09	-5.75739669273e-07
4.35314886614e-09	-1.49776980152e-06
4.362674356e-09	-2.21609363393e-06
4.37219984586e-09	-2.60900779381e-06
4.38172533572e-09	-2.61389493517e-06
4.39125082558e-09	-2.23398711796e-06
4.40077631544e-09	-1.53208537768e-06
4.4103018053e-09	-6.15657654635e-07
4.41982729516e-09	3.8090228216e-07
4.42935278502e-09	1.31421306548e-06
4.43887827488e-09	2.04925845537e-06
4.44840376474e-09	2.47657231967e-06
4.4579292546e-09	2.52944687418e-06
4.46745474446e-09	2.19810610247e-06
4.47698023432e-09	1.53699687644e-06
4.48650572418e-09	6.59894112687e-07
4.49603121404e-09	-2.78988071756e-07
4.5055567039e-09	-1.11588478546e-06
4.51508219376e-09	-1.71298582075e-06
4.52460768362e-09	-1.98855636313e-06
4.53413317349e-09	-1.93239753798e-06
4.54365866335e-09	-1.60148574935e-06
4.55318415321e-09	-1.09771099233e-06
4.56270964307e-09	-5.35474207197e-07
4.57223513293e-09	-1.04866989536e-08
4.58176062279e-09	4.19755185277e-07
4.59128611265e-09	7.38694858171e-07
4.60081160251e-09	9.58089287906e-07
