% time-domain current integration by openEMS v0.37.0-rc1-8-g27dcde1 @Wed Aug 12 21:08:48 2026
% start-coordinates: (-0.00055,-0.006175,0.0005625) m -> [128,16,17]
% stop-coordinates: (0.0005,-0.0061,0.0005625) m -> [149,17,17]
% t/s	current
5.53807550015e-14	0
9.58087061526e-12	3.16567411174e-10
1.91063604755e-11	1.99007388346e-09
2.86318503358e-11	5.35156718939e-09
3.81573401961e-11	1.06637561004e-08
4.76828300563e-11	1.65297677768e-08
5.72083199166e-11	1.89414830487e-08
6.67338097768e-11	1.06470849914e-08
7.62592996371e-11	-1.80950117112e-08
8.57847894974e-11	-7.56874669605e-08
9.53102793576e-11	-1.61790268294e-07
1.04835769218e-10	-2.57736303411e-07
1.14361259078e-10	-3.18687625622e-07
1.23886748938e-10	-2.74786373211e-07
1.33412238799e-10	-4.83835869147e-08
1.42937728659e-10	4.09641017995e-07
1.52463218519e-10	1.07218033918e-06
1.61988708379e-10	1.79548112555e-06
1.7151419824e-10	2.31352100855e-06
1.810396881e-10	2.29072520597e-06
1.9056517796e-10	1.43662202845e-06
2.00090667821e-10	-3.45299696392e-07
2.09616157681e-10	-2.83398640022e-06
2.19141647541e-10	-5.46124738321e-06
2.28667137401e-10	-7.42227439332e-06
2.38192627262e-10	-7.91793081589e-06
2.47718117122e-10	-6.45311774861e-06
2.57243606982e-10	-3.07353116114e-06
2.66769096842e-10	1.57005581514e-06
2.76294586703e-10	6.37848597762e-06
2.85820076563e-10	1.01366840681e-05
2.95345566423e-10	1.18977304737e-05
3.04871056283e-10	1.12696416181e-05
3.14396546144e-10	8.50041487865e-06
3.23922036004e-10	4.34654202763e-06
3.33447525864e-10	-2.00758506708e-07
3.42973015724e-10	-4.21195773015e-06
3.52498505585e-10	-7.03322893969e-06
3.62023995445e-10	-8.37094648887e-06
3.71549485305e-10	-8.26250470709e-06
3.81074975166e-10	-6.98505482433e-06
3.90600465026e-10	-4.95149561175e-06
4.00125954886e-10	-2.61827312897e-06
4.09651444746e-10	-4.05993546337e-07
4.19176934607e-10	1.3700745285e-06
