0	0
2.19022e-13	-3.1176e-05
4.38043e-13	-3.02532e-05
6.57065e-13	-2.92947e-05
8.76087e-13	-2.83001e-05
1.09511e-12	-2.72687e-05
1.31413e-12	-2.61997e-05
1.53315e-12	-2.50926e-05
1.75217e-12	-2.39466e-05
1.97119e-12	-2.27611e-05
2.19022e-12	-2.15353e-05
2.40924e-12	-2.02687e-05
2.62826e-12	-1.89606e-05
2.84728e-12	-1.76101e-05
3.0663e-12	-1.62167e-05
3.28532e-12	-1.47796e-05
3.50435e-12	-1.32982e-05
3.72337e-12	-1.17716e-05
3.94239e-12	-1.01992e-05
4.16141e-12	-8.58032e-06
4.38043e-12	-6.91415e-06
4.59945e-12	-5.20001e-06
4.81848e-12	-3.43714e-06
5.0375e-12	-1.62483e-06
5.25652e-12	2.37678e-07
5.47554e-12	2.15111e-06
5.69456e-12	4.11623e-06
5.91358e-12	6.13376e-06
6.13261e-12	8.20448e-06
6.35163e-12	1.03291e-05
6.57065e-12	1.25084e-05
6.78967e-12	1.47432e-05
7.00869e-12	1.70341e-05
7.22771e-12	1.93821e-05
7.44674e-12	2.17877e-05
7.66576e-12	2.42518e-05
7.88478e-12	2.67752e-05
8.1038e-12	2.93586e-05
8.32282e-12	3.20028e-05
8.54184e-12	3.47085e-05
8.76087e-12	3.74765e-05
8.97989e-12	4.03077e-05
9.19891e-12	4.32026e-05
9.41793e-12	4.61623e-05
9.63695e-12	4.91873e-05
9.85597e-12	5.22784e-05
1.0075e-11	5.54365e-05
1.0294e-11	5.86622e-05
1.0513e-11	6.19564e-05
1.07321e-11	6.53198e-05
1.09511e-11	6.87532e-05
1.11701e-11	7.22573e-05
1.13891e-11	7.58328e-05
1.16081e-11	7.94806e-05
1.18272e-11	8.32013e-05
1.20462e-11	8.69958e-05
1.22652e-11	9.08646e-05
1.24842e-11	9.48087e-05
1.27033e-11	9.88286e-05
1.29223e-11	0.000102925
1.31413e-11	0.000107099
1.33603e-11	0.000111351
1.35793e-11	0.000115682
1.37984e-11	0.000120092
1.40174e-11	0.000124583
1.42364e-11	0.000129154
1.44554e-11	0.000133806
1.46744e-11	0.000138541
1.48935e-11	0.000143359
1.51125e-11	0.000148261
1.53315e-11	0.000153246
1.55505e-11	0.000158316
1.57696e-11	0.000163472
1.59886e-11	0.000168714
1.62076e-11	0.000174042
1.64266e-11	0.000179457
1.66456e-11	0.000184961
1.68647e-11	0.000190553
1.70837e-11	0.000196233
1.73027e-11	0.000202003
1.75217e-11	0.000207863
1.77408e-11	0.000213814
1.79598e-11	0.000219856
1.81788e-11	0.000225989
1.83978e-11	0.000232214
1.86168e-11	0.000238531
1.88359e-11	0.000244942
1.90549e-11	0.000251445
1.92739e-11	0.000258043
1.94929e-11	0.000264734
1.97119e-11	0.00027152
1.9931e-11	0.0002784
2.015e-11	0.000285376
2.0369e-11	0.000292447
2.0588e-11	0.000299614
2.08071e-11	0.000306877
2.10261e-11	0.000314236
2.12451e-11	0.000321691
2.14641e-11	0.000329243
2.16831e-11	0.000336892
2.19022e-11	0.000344637
2.21212e-11	0.00035248
2.23402e-11	0.00036042
2.25592e-11	0.000368457
2.27782e-11	0.000376591
2.29973e-11	0.000384823
2.32163e-11	0.000393152
2.34353e-11	0.000401578
2.36543e-11	0.000410101
2.38734e-11	0.000418721
2.40924e-11	0.000427439
2.43114e-11	0.000436253
2.45304e-11	0.000445163
2.47494e-11	0.00045417
2.49685e-11	0.000463273
2.51875e-11	0.000472472
2.54065e-11	0.000481766
2.56255e-11	0.000491155
2.58446e-11	0.000500639
2.60636e-11	0.000510217
2.62826e-11	0.000519889
2.65016e-11	0.000529654
2.67206e-11	0.000539512
2.69397e-11	0.000549462
2.71587e-11	0.000559503
2.73777e-11	0.000569635
2.75967e-11	0.000579858
2.78157e-11	0.000590169
2.80348e-11	0.000600569
2.82538e-11	0.000611057
2.84728e-11	0.000621631
2.86918e-11	0.000632291
2.89109e-11	0.000643036
2.91299e-11	0.000653865
2.93489e-11	0.000664777
2.95679e-11	0.00067577
2.97869e-11	0.000686843
3.0006e-11	0.000697996
3.0225e-11	0.000709226
3.0444e-11	0.000720533
3.0663e-11	0.000731916
3.0882e-11	0.000743371
3.11011e-11	0.0007549
3.13201e-11	0.000766498
3.15391e-11	0.000778166
3.17581e-11	0.000789901
3.19772e-11	0.000801702
3.21962e-11	0.000813567
3.24152e-11	0.000825494
3.26342e-11	0.000837481
3.28532e-11	0.000849526
3.30723e-11	0.000861628
3.32913e-11	0.000873783
3.35103e-11	0.000885991
3.37293e-11	0.000898248
3.39484e-11	0.000910553
3.41674e-11	0.000922903
3.43864e-11	0.000935295
3.46054e-11	0.000947728
3.48244e-11	0.000960199
3.50435e-11	0.000972705
3.52625e-11	0.000985243
3.54815e-11	0.000997811
3.57005e-11	0.00101041
3.59195e-11	0.00102303
3.61386e-11	0.00103566
3.63576e-11	0.00104832
3.65766e-11	0.001061
3.67956e-11	0.00107368
3.70147e-11	0.00108637
3.72337e-11	0.00109907
3.74527e-11	0.00111177
3.76717e-11	0.00112447
3.78907e-11	0.00113716
3.81098e-11	0.00114985
3.83288e-11	0.00116252
3.85478e-11	0.00117518
3.87668e-11	0.00118781
3.89859e-11	0.00120042
3.92049e-11	0.001213
3.94239e-11	0.00122555
3.96429e-11	0.00123807
3.98619e-11	0.00125054
4.0081e-11	0.00126297
4.03e-11	0.00127535
4.0519e-11	0.00128767
4.0738e-11	0.00129993
4.0957e-11	0.00131213
4.11761e-11	0.00132427
4.13951e-11	0.00133633
4.16141e-11	0.00134831
4.18331e-11	0.00136021
4.20522e-11	0.00137202
4.22712e-11	0.00138373
4.24902e-11	0.00139535
4.27092e-11	0.00140686
4.29282e-11	0.00141826
4.31473e-11	0.00142955
4.33663e-11	0.00144072
4.35853e-11	0.00145176
4.38043e-11	0.00146266
4.40233e-11	0.00147343
4.42424e-11	0.00148405
4.44614e-11	0.00149453
4.46804e-11	0.00150484
4.48994e-11	0.00151499
4.51185e-11	0.00152497
4.53375e-11	0.00153478
4.55565e-11	0.0015444
4.57755e-11	0.00155383
4.59945e-11	0.00156307
4.62136e-11	0.0015721
4.64326e-11	0.00158092
4.66516e-11	0.00158953
4.68706e-11	0.0015979
4.70897e-11	0.00160605
4.73087e-11	0.00161396
4.75277e-11	0.00162162
4.77467e-11	0.00162903
4.79657e-11	0.00163617
4.81848e-11	0.00164305
4.84038e-11	0.00164965
4.86228e-11	0.00165596
4.88418e-11	0.00166198
4.90608e-11	0.0016677
4.92799e-11	0.00167311
4.94989e-11	0.0016782
4.97179e-11	0.00168296
4.99369e-11	0.00168739
5.0156e-11	0.00169148
5.0375e-11	0.00169521
5.0594e-11	0.00169858
5.0813e-11	0.00170159
5.1032e-11	0.00170421
5.12511e-11	0.00170645
5.14701e-11	0.00170829
5.16891e-11	0.00170973
5.19081e-11	0.00171075
5.21271e-11	0.00171134
5.23462e-11	0.00171151
5.25652e-11	0.00171122
5.27842e-11	0.00171049
5.30032e-11	0.00170929
5.32223e-11	0.00170763
5.34413e-11	0.00170548
5.36603e-11	0.00170283
5.38793e-11	0.00169969
5.40983e-11	0.00169603
5.43174e-11	0.00169185
5.45364e-11	0.00168714
5.47554e-11	0.00168189
5.49744e-11	0.00167608
5.51935e-11	0.00166971
5.54125e-11	0.00166277
5.56315e-11	0.00165524
5.58505e-11	0.00164711
5.60695e-11	0.00163838
5.62886e-11	0.00162904
5.65076e-11	0.00161906
5.67266e-11	0.00160845
5.69456e-11	0.00159719
5.71646e-11	0.00158527
5.73837e-11	0.00157268
5.76027e-11	0.0015594
5.78217e-11	0.00154544
5.80407e-11	0.00153076
5.82598e-11	0.00151537
5.84788e-11	0.00149926
5.86978e-11	0.00148241
5.89168e-11	0.0014648
5.91358e-11	0.00144644
5.93549e-11	0.0014273
5.95739e-11	0.00140738
5.97929e-11	0.00138666
6.00119e-11	0.00136514
6.02309e-11	0.0013428
6.045e-11	0.00131962
6.0669e-11	0.00129561
6.0888e-11	0.00127074
6.1107e-11	0.00124501
6.13261e-11	0.0012184
6.15451e-11	0.0011909
6.17641e-11	0.00116251
6.19831e-11	0.0011332
6.22021e-11	0.00110297
6.24212e-11	0.0010718
6.26402e-11	0.00103969
6.28592e-11	0.00100662
6.30782e-11	0.000972579
6.32973e-11	0.000937558
6.35163e-11	0.000901544
6.37353e-11	0.000864525
6.39543e-11	0.000826491
6.41733e-11	0.000787429
6.43924e-11	0.000747329
6.46114e-11	0.000706178
6.48304e-11	0.000663966
6.50494e-11	0.000620681
6.52684e-11	0.000576311
6.54875e-11	0.000530846
6.57065e-11	0.000484274
6.59255e-11	0.000436584
6.61445e-11	0.000387765
6.63636e-11	0.000337807
6.65826e-11	0.000286697
6.68016e-11	0.000234426
6.70206e-11	0.000180982
6.72396e-11	0.000126355
6.74587e-11	7.05342e-05
6.76777e-11	1.3509e-05
6.78967e-11	-4.47308e-05
6.81157e-11	-0.000104196
6.83347e-11	-0.000164896
6.85538e-11	-0.000226841
6.87728e-11	-0.000290042
6.89918e-11	-0.000354508
6.92108e-11	-0.000420249
6.94299e-11	-0.000487274
6.96489e-11	-0.000555593
6.98679e-11	-0.000625216
7.00869e-11	-0.000696151
7.03059e-11	-0.000768407
7.0525e-11	-0.000841994
7.0744e-11	-0.00091692
7.0963e-11	-0.000993193
7.1182e-11	-0.00107082
7.14011e-11	-0.00114982
7.16201e-11	-0.00123018
7.18391e-11	-0.00131193
7.20581e-11	-0.00139506
7.22771e-11	-0.00147959
7.24962e-11	-0.00156552
7.27152e-11	-0.00165286
7.29342e-11	-0.00174162
7.31532e-11	-0.0018318
7.33722e-11	-0.00192341
7.35913e-11	-0.00201645
7.38103e-11	-0.00211094
7.40293e-11	-0.00220687
7.42483e-11	-0.00230425
7.44674e-11	-0.00240309
7.46864e-11	-0.0025034
7.49054e-11	-0.00260517
7.51244e-11	-0.00270841
7.53434e-11	-0.00281313
7.55625e-11	-0.00291933
7.57815e-11	-0.00302701
7.60005e-11	-0.00313617
7.62195e-11	-0.00324683
7.64385e-11	-0.00335897
7.66576e-11	-0.00347261
7.68766e-11	-0.00358775
7.70956e-11	-0.00370438
7.73146e-11	-0.00382251
7.75337e-11	-0.00394214
7.77527e-11	-0.00406327
7.79717e-11	-0.0041859
7.81907e-11	-0.00431003
7.84097e-11	-0.00443566
7.86288e-11	-0.00456279
7.88478e-11	-0.00469142
7.90668e-11	-0.00482154
7.92858e-11	-0.00495316
7.95049e-11	-0.00508627
7.97239e-11	-0.00522087
7.99429e-11	-0.00535695
8.01619e-11	-0.00549452
8.03809e-11	-0.00563356
8.06e-11	-0.00577408
8.0819e-11	-0.00591606
8.1038e-11	-0.00605951
8.1257e-11	-0.00620442
8.1476e-11	-0.00635077
8.16951e-11	-0.00649858
8.19141e-11	-0.00664781
8.21331e-11	-0.00679848
8.23521e-11	-0.00695057
8.25712e-11	-0.00710407
8.27902e-11	-0.00725898
8.30092e-11	-0.00741528
8.32282e-11	-0.00757296
8.34472e-11	-0.00773202
8.36663e-11	-0.00789243
8.38853e-11	-0.0080542
8.41043e-11	-0.00821731
8.43233e-11	-0.00838174
8.45423e-11	-0.00854748
8.47614e-11	-0.00871452
8.49804e-11	-0.00888285
8.51994e-11	-0.00905244
8.54184e-11	-0.00922328
8.56375e-11	-0.00939537
8.58565e-11	-0.00956867
8.60755e-11	-0.00974317
8.62945e-11	-0.00991886
8.65135e-11	-0.0100957
8.67326e-11	-0.0102737
8.69516e-11	-0.0104529
8.71706e-11	-0.0106331
8.73896e-11	-0.0108144
8.76087e-11	-0.0109968
8.78277e-11	-0.0111802
8.80467e-11	-0.0113647
8.82657e-11	-0.0115501
8.84847e-11	-0.0117366
8.87038e-11	-0.0119239
8.89228e-11	-0.0121122
8.91418e-11	-0.0123014
8.93608e-11	-0.0124915
8.95798e-11	-0.0126824
8.97989e-11	-0.0128741
9.00179e-11	-0.0130666
9.02369e-11	-0.0132598
9.04559e-11	-0.0134538
9.0675e-11	-0.0136485
9.0894e-11	-0.0138438
9.1113e-11	-0.0140398
9.1332e-11	-0.0142363
9.1551e-11	-0.0144335
9.17701e-11	-0.0146311
9.19891e-11	-0.0148293
9.22081e-11	-0.0150279
9.24271e-11	-0.0152269
9.26461e-11	-0.0154263
9.28652e-11	-0.0156261
9.30842e-11	-0.0158262
9.33032e-11	-0.0160265
9.35222e-11	-0.0162271
9.37413e-11	-0.0164279
9.39603e-11	-0.0166288
9.41793e-11	-0.0168298
9.43983e-11	-0.0170309
9.46173e-11	-0.017232
9.48364e-11	-0.017433
9.50554e-11	-0.017634
9.52744e-11	-0.0178349
9.54934e-11	-0.0180356
9.57125e-11	-0.0182361
9.59315e-11	-0.0184363
9.61505e-11	-0.0186363
9.63695e-11	-0.0188358
9.65885e-11	-0.019035
9.68076e-11	-0.0192337
9.70266e-11	-0.0194319
9.72456e-11	-0.0196295
9.74646e-11	-0.0198265
9.76836e-11	-0.0200228
9.79027e-11	-0.0202184
9.81217e-11	-0.0204132
9.83407e-11	-0.0206071
9.85597e-11	-0.0208002
9.87788e-11	-0.0209923
9.89978e-11	-0.0211834
9.92168e-11	-0.0213734
9.94358e-11	-0.0215623
9.96548e-11	-0.0217499
9.98739e-11	-0.0219363
1.00093e-10	-0.0221214
1.00312e-10	-0.0223051
1.00531e-10	-0.0224874
1.0075e-10	-0.0226682
1.00969e-10	-0.0228473
1.01188e-10	-0.0230248
1.01407e-10	-0.0232006
1.01626e-10	-0.0233747
1.01845e-10	-0.0235469
1.02064e-10	-0.0237171
1.02283e-10	-0.0238854
1.02502e-10	-0.0240516
1.02721e-10	-0.0242157
1.0294e-10	-0.0243776
1.03159e-10	-0.0245372
1.03378e-10	-0.0246945
1.03597e-10	-0.0248494
1.03816e-10	-0.0250017
1.04035e-10	-0.0251516
1.04254e-10	-0.0252987
1.04473e-10	-0.0254432
1.04692e-10	-0.0255848
1.04911e-10	-0.0257236
1.0513e-10	-0.0258594
1.05349e-10	-0.0259922
1.05568e-10	-0.0261219
1.05787e-10	-0.0262484
1.06006e-10	-0.0263716
1.06225e-10	-0.0264915
1.06445e-10	-0.026608
1.06664e-10	-0.0267209
1.06883e-10	-0.0268303
1.07102e-10	-0.026936
1.07321e-10	-0.0270379
1.0754e-10	-0.027136
1.07759e-10	-0.0272301
1.07978e-10	-0.0273203
1.08197e-10	-0.0274063
1.08416e-10	-0.0274882
1.08635e-10	-0.0275658
1.08854e-10	-0.027639
1.09073e-10	-0.0277078
1.09292e-10	-0.0277721
1.09511e-10	-0.0278317
1.0973e-10	-0.0278867
1.09949e-10	-0.0279368
1.10168e-10	-0.0279821
1.10387e-10	-0.0280224
1.10606e-10	-0.0280577
1.10825e-10	-0.0280878
1.11044e-10	-0.0281127
1.11263e-10	-0.0281322
1.11482e-10	-0.0281464
1.11701e-10	-0.028155
1.1192e-10	-0.028158
1.12139e-10	-0.0281554
1.12358e-10	-0.028147
1.12577e-10	-0.0281327
1.12796e-10	-0.0281124
1.13015e-10	-0.0280861
1.13234e-10	-0.0280537
1.13453e-10	-0.028015
1.13672e-10	-0.02797
1.13891e-10	-0.0279186
1.1411e-10	-0.0278607
1.14329e-10	-0.0277963
1.14548e-10	-0.0277251
1.14767e-10	-0.0276471
1.14986e-10	-0.0275623
1.15205e-10	-0.0274705
1.15424e-10	-0.0273717
1.15643e-10	-0.0272658
1.15862e-10	-0.0271526
1.16081e-10	-0.0270321
1.163e-10	-0.0269042
1.1652e-10	-0.0267688
1.16739e-10	-0.0266258
1.16958e-10	-0.0264752
1.17177e-10	-0.0263168
1.17396e-10	-0.0261505
1.17615e-10	-0.0259763
1.17834e-10	-0.0257941
1.18053e-10	-0.0256038
1.18272e-10	-0.0254053
1.18491e-10	-0.0251985
1.1871e-10	-0.0249833
1.18929e-10	-0.0247597
1.19148e-10	-0.0245276
1.19367e-10	-0.0242868
1.19586e-10	-0.0240373
1.19805e-10	-0.0237791
1.20024e-10	-0.023512
1.20243e-10	-0.023236
1.20462e-10	-0.0229509
1.20681e-10	-0.0226567
1.209e-10	-0.0223534
1.21119e-10	-0.0220408
1.21338e-10	-0.0217188
1.21557e-10	-0.0213875
1.21776e-10	-0.0210466
1.21995e-10	-0.0206962
1.22214e-10	-0.0203362
1.22433e-10	-0.0199665
1.22652e-10	-0.019587
1.22871e-10	-0.0191976
1.2309e-10	-0.0187984
1.23309e-10	-0.0183892
1.23528e-10	-0.0179699
1.23747e-10	-0.0175405
1.23966e-10	-0.0171009
1.24185e-10	-0.0166511
1.24404e-10	-0.016191
1.24623e-10	-0.0157205
1.24842e-10	-0.0152396
1.25061e-10	-0.0147483
1.2528e-10	-0.0142464
1.25499e-10	-0.0137339
1.25718e-10	-0.0132108
1.25937e-10	-0.012677
1.26156e-10	-0.0121325
1.26375e-10	-0.0115772
1.26595e-10	-0.011011
1.26814e-10	-0.0104339
1.27033e-10	-0.00984598
1.27252e-10	-0.00924705
1.27471e-10	-0.00863712
1.2769e-10	-0.00801614
1.27909e-10	-0.00738408
1.28128e-10	-0.0067409
1.28347e-10	-0.00608658
1.28566e-10	-0.00542108
1.28785e-10	-0.00474437
1.29004e-10	-0.00405643
1.29223e-10	-0.00335723
1.29442e-10	-0.00264675
1.29661e-10	-0.00192496
1.2988e-10	-0.00119185
1.30099e-10	-0.000447405
1.30318e-10	0.000308398
1.30537e-10	0.00107557
1.30756e-10	0.00185411
1.30975e-10	0.00264404
1.31194e-10	0.00344536
1.31413e-10	0.00425808
1.31632e-10	0.00508218
1.31851e-10	0.00591769
1.3207e-10	0.00676458
1.32289e-10	0.00762286
1.32508e-10	0.00849251
1.32727e-10	0.00937353
1.32946e-10	0.0102659
1.33165e-10	0.0111696
1.33384e-10	0.0120846
1.33603e-10	0.013011
1.33822e-10	0.0139485
1.34041e-10	0.0148974
1.3426e-10	0.0158574
1.34479e-10	0.0168287
1.34698e-10	0.0178111
1.34917e-10	0.0188046
1.35136e-10	0.0198091
1.35355e-10	0.0208248
1.35574e-10	0.0218513
1.35793e-10	0.0228889
1.36012e-10	0.0239373
1.36231e-10	0.0249965
1.3645e-10	0.0260665
1.36669e-10	0.0271473
1.36889e-10	0.0282386
1.37108e-10	0.0293406
1.37327e-10	0.0304531
1.37546e-10	0.031576
1.37765e-10	0.0327093
1.37984e-10	0.0338528
1.38203e-10	0.0350066
1.38422e-10	0.0361705
1.38641e-10	0.0373444
1.3886e-10	0.0385283
1.39079e-10	0.039722
1.39298e-10	0.0409255
1.39517e-10	0.0421386
1.39736e-10	0.0433613
1.39955e-10	0.0445934
1.40174e-10	0.0458348
1.40393e-10	0.0470854
1.40612e-10	0.0483451
1.40831e-10	0.0496139
1.4105e-10	0.0508914
1.41269e-10	0.0521777
1.41488e-10	0.0534726
1.41707e-10	0.0547759
1.41926e-10	0.0560876
1.42145e-10	0.0574074
1.42364e-10	0.0587353
1.42583e-10	0.060071
1.42802e-10	0.0614145
1.43021e-10	0.0627656
1.4324e-10	0.0641241
1.43459e-10	0.0654899
1.43678e-10	0.0668627
1.43897e-10	0.0682425
1.44116e-10	0.0696291
1.44335e-10	0.0710222
1.44554e-10	0.0724217
1.44773e-10	0.0738275
1.44992e-10	0.0752392
1.45211e-10	0.0766569
1.4543e-10	0.0780802
1.45649e-10	0.0795089
1.45868e-10	0.0809429
1.46087e-10	0.0823819
1.46306e-10	0.0838258
1.46525e-10	0.0852743
1.46744e-10	0.0867272
1.46964e-10	0.0881844
1.47183e-10	0.0896455
1.47402e-10	0.0911104
1.47621e-10	0.0925788
1.4784e-10	0.0940505
1.48059e-10	0.0955252
1.48278e-10	0.0970028
1.48497e-10	0.098483
1.48716e-10	0.0999655
1.48935e-10	0.10145
1.49154e-10	0.102937
1.49373e-10	0.104425
1.49592e-10	0.105914
1.49811e-10	0.107404
1.5003e-10	0.108896
1.50249e-10	0.110387
1.50468e-10	0.111879
1.50687e-10	0.113371
1.50906e-10	0.114863
1.51125e-10	0.116354
1.51344e-10	0.117844
1.51563e-10	0.119333
1.51782e-10	0.120821
1.52001e-10	0.122307
1.5222e-10	0.123791
1.52439e-10	0.125272
1.52658e-10	0.126751
1.52877e-10	0.128227
1.53096e-10	0.1297
1.53315e-10	0.131169
1.53534e-10	0.132635
1.53753e-10	0.134096
1.53972e-10	0.135552
1.54191e-10	0.137004
1.5441e-10	0.138451
1.54629e-10	0.139892
1.54848e-10	0.141327
1.55067e-10	0.142756
1.55286e-10	0.144179
1.55505e-10	0.145595
1.55724e-10	0.147004
1.55943e-10	0.148405
1.56162e-10	0.149798
1.56381e-10	0.151183
1.566e-10	0.15256
1.56819e-10	0.153927
1.57039e-10	0.155286
1.57258e-10	0.156634
1.57477e-10	0.157973
1.57696e-10	0.159301
1.57915e-10	0.160619
1.58134e-10	0.161926
1.58353e-10	0.163221
1.58572e-10	0.164504
1.58791e-10	0.165775
1.5901e-10	0.167034
1.59229e-10	0.16828
1.59448e-10	0.169512
1.59667e-10	0.170731
1.59886e-10	0.171935
1.60105e-10	0.173125
1.60324e-10	0.174301
1.60543e-10	0.175461
1.60762e-10	0.176606
1.60981e-10	0.177734
1.612e-10	0.178846
1.61419e-10	0.179942
1.61638e-10	0.18102
1.61857e-10	0.182081
1.62076e-10	0.183124
1.62295e-10	0.184148
1.62514e-10	0.185154
1.62733e-10	0.186141
1.62952e-10	0.187108
1.63171e-10	0.188056
1.6339e-10	0.188983
1.63609e-10	0.18989
1.63828e-10	0.190775
1.64047e-10	0.191639
1.64266e-10	0.192481
1.64485e-10	0.193301
1.64704e-10	0.194099
1.64923e-10	0.194873
1.65142e-10	0.195624
1.65361e-10	0.196351
1.6558e-10	0.197054
1.65799e-10	0.197732
1.66018e-10	0.198386
1.66237e-10	0.199014
1.66456e-10	0.199616
1.66675e-10	0.200192
1.66894e-10	0.200742
1.67114e-10	0.201265
1.67333e-10	0.20176
1.67552e-10	0.202228
1.67771e-10	0.202667
1.6799e-10	0.203079
1.68209e-10	0.203461
1.68428e-10	0.203814
1.68647e-10	0.204138
1.68866e-10	0.204432
1.69085e-10	0.204695
1.69304e-10	0.204928
1.69523e-10	0.20513
1.69742e-10	0.2053
1.69961e-10	0.205439
1.7018e-10	0.205545
1.70399e-10	0.205619
1.70618e-10	0.20566
1.70837e-10	0.205668
1.71056e-10	0.205643
1.71275e-10	0.205583
1.71494e-10	0.20549
1.71713e-10	0.205361
1.71932e-10	0.205198
1.72151e-10	0.205
1.7237e-10	0.204766
1.72589e-10	0.204496
1.72808e-10	0.20419
1.73027e-10	0.203848
1.73246e-10	0.203468
1.73465e-10	0.203052
1.73684e-10	0.202598
1.73903e-10	0.202106
1.74122e-10	0.201576
1.74341e-10	0.201008
1.7456e-10	0.200401
1.74779e-10	0.199755
1.74998e-10	0.199071
1.75217e-10	0.198346
1.75436e-10	0.197582
1.75655e-10	0.196778
1.75874e-10	0.195933
1.76093e-10	0.195048
1.76312e-10	0.194123
1.76531e-10	0.193156
1.7675e-10	0.192148
1.76969e-10	0.191098
1.77188e-10	0.190007
1.77408e-10	0.188874
1.77627e-10	0.187699
1.77846e-10	0.186481
1.78065e-10	0.185221
1.78284e-10	0.183918
1.78503e-10	0.182572
1.78722e-10	0.181182
1.78941e-10	0.17975
1.7916e-10	0.178274
1.79379e-10	0.176754
1.79598e-10	0.175191
1.79817e-10	0.173583
1.80036e-10	0.171932
1.80255e-10	0.170236
1.80474e-10	0.168496
1.80693e-10	0.166711
1.80912e-10	0.164882
1.81131e-10	0.163008
1.8135e-10	0.161089
1.81569e-10	0.159125
1.81788e-10	0.157116
1.82007e-10	0.155062
1.82226e-10	0.152963
1.82445e-10	0.150819
1.82664e-10	0.148629
1.82883e-10	0.146394
1.83102e-10	0.144113
1.83321e-10	0.141788
1.8354e-10	0.139416
1.83759e-10	0.137
1.83978e-10	0.134538
1.84197e-10	0.13203
1.84416e-10	0.129477
1.84635e-10	0.126878
1.84854e-10	0.124235
1.85073e-10	0.121545
1.85292e-10	0.118811
1.85511e-10	0.116031
1.8573e-10	0.113206
1.85949e-10	0.110336
1.86168e-10	0.107421
1.86387e-10	0.104461
1.86606e-10	0.101456
1.86825e-10	0.0984059
1.87044e-10	0.0953116
1.87263e-10	0.0921727
1.87483e-10	0.0889895
1.87702e-10	0.0857621
1.87921e-10	0.0824906
1.8814e-10	0.0791752
1.88359e-10	0.075816
1.88578e-10	0.0724134
1.88797e-10	0.0689673
1.89016e-10	0.0654782
1.89235e-10	0.0619461
1.89454e-10	0.0583713
1.89673e-10	0.054754
1.89892e-10	0.0510945
1.90111e-10	0.047393
1.9033e-10	0.0436498
1.90549e-10	0.0398651
1.90768e-10	0.0360393
1.90987e-10	0.0321726
1.91206e-10	0.0282653
1.91425e-10	0.0243177
1.91644e-10	0.0203302
1.91863e-10	0.0163031
1.92082e-10	0.0122368
1.92301e-10	0.00813148
1.9252e-10	0.00398763
1.92739e-10	-0.000194399
1.92958e-10	-0.00441423
1.93177e-10	-0.00867148
1.93396e-10	-0.0129657
1.93615e-10	-0.0172966
1.93834e-10	-0.0216636
1.94053e-10	-0.0260664
1.94272e-10	-0.0305045
1.94491e-10	-0.0349774
1.9471e-10	-0.0394848
1.94929e-10	-0.044026
1.95148e-10	-0.0486007
1.95367e-10	-0.0532083
1.95586e-10	-0.0578484
1.95805e-10	-0.0625204
1.96024e-10	-0.0672239
1.96243e-10	-0.0719582
1.96462e-10	-0.0767228
1.96681e-10	-0.0815173
1.969e-10	-0.086341
1.97119e-10	-0.0911933
1.97338e-10	-0.0960738
1.97558e-10	-0.100982
1.97777e-10	-0.105917
1.97996e-10	-0.110878
1.98215e-10	-0.115864
1.98434e-10	-0.120876
1.98653e-10	-0.125913
1.98872e-10	-0.130973
1.99091e-10	-0.136056
1.9931e-10	-0.141161
1.99529e-10	-0.146289
1.99748e-10	-0.151437
1.99967e-10	-0.156606
2.00186e-10	-0.161795
2.00405e-10	-0.167002
2.00624e-10	-0.172228
2.00843e-10	-0.177472
2.01062e-10	-0.182732
2.01281e-10	-0.188008
2.015e-10	-0.1933
2.01719e-10	-0.198606
2.01938e-10	-0.203926
2.02157e-10	-0.209259
2.02376e-10	-0.214605
2.02595e-10	-0.219962
2.02814e-10	-0.225329
2.03033e-10	-0.230707
2.03252e-10	-0.236093
2.03471e-10	-0.241488
2.0369e-10	-0.24689
2.03909e-10	-0.252298
2.04128e-10	-0.257713
2.04347e-10	-0.263132
2.04566e-10	-0.268555
2.04785e-10	-0.273982
2.05004e-10	-0.27941
2.05223e-10	-0.28484
2.05442e-10	-0.290271
2.05661e-10	-0.295701
2.0588e-10	-0.301131
2.06099e-10	-0.306557
2.06318e-10	-0.311981
2.06537e-10	-0.317401
2.06756e-10	-0.322816
2.06975e-10	-0.328225
2.07194e-10	-0.333628
2.07413e-10	-0.339023
2.07633e-10	-0.344409
2.07852e-10	-0.349786
2.08071e-10	-0.355152
2.0829e-10	-0.360506
2.08509e-10	-0.365849
2.08728e-10	-0.371178
2.08947e-10	-0.376492
2.09166e-10	-0.381792
2.09385e-10	-0.387075
2.09604e-10	-0.392341
2.09823e-10	-0.397589
2.10042e-10	-0.402817
2.10261e-10	-0.408025
2.1048e-10	-0.413213
2.10699e-10	-0.418378
2.10918e-10	-0.42352
2.11137e-10	-0.428637
2.11356e-10	-0.43373
2.11575e-10	-0.438797
2.11794e-10	-0.443836
2.12013e-10	-0.448847
2.12232e-10	-0.453829
2.12451e-10	-0.458782
2.1267e-10	-0.463702
2.12889e-10	-0.468591
2.13108e-10	-0.473447
2.13327e-10	-0.478269
2.13546e-10	-0.483055
2.13765e-10	-0.487805
2.13984e-10	-0.492518
2.14203e-10	-0.497193
2.14422e-10	-0.501829
2.14641e-10	-0.506425
2.1486e-10	-0.510979
2.15079e-10	-0.515491
2.15298e-10	-0.519961
2.15517e-10	-0.524386
2.15736e-10	-0.528765
2.15955e-10	-0.533099
2.16174e-10	-0.537386
2.16393e-10	-0.541624
2.16612e-10	-0.545814
2.16831e-10	-0.549953
2.1705e-10	-0.554041
2.17269e-10	-0.558077
2.17488e-10	-0.56206
2.17708e-10	-0.565989
2.17927e-10	-0.569863
2.18146e-10	-0.573682
2.18365e-10	-0.577443
2.18584e-10	-0.581147
2.18803e-10	-0.584791
2.19022e-10	-0.588377
2.19241e-10	-0.591901
2.1946e-10	-0.595364
2.19679e-10	-0.598764
2.19898e-10	-0.602101
2.20117e-10	-0.605374
2.20336e-10	-0.608581
2.20555e-10	-0.611723
2.20774e-10	-0.614797
2.20993e-10	-0.617803
2.21212e-10	-0.620741
2.21431e-10	-0.623608
2.2165e-10	-0.626406
2.21869e-10	-0.629132
2.22088e-10	-0.631785
2.22307e-10	-0.634366
2.22526e-10	-0.636873
2.22745e-10	-0.639305
2.22964e-10	-0.641661
2.23183e-10	-0.643941
2.23402e-10	-0.646144
2.23621e-10	-0.648269
2.2384e-10	-0.650316
2.24059e-10	-0.652283
2.24278e-10	-0.654169
2.24497e-10	-0.655975
2.24716e-10	-0.657699
2.24935e-10	-0.65934
2.25154e-10	-0.660899
2.25373e-10	-0.662373
2.25592e-10	-0.663763
2.25811e-10	-0.665068
2.2603e-10	-0.666287
2.26249e-10	-0.667419
2.26468e-10	-0.668464
2.26687e-10	-0.669421
2.26906e-10	-0.67029
2.27125e-10	-0.67107
2.27344e-10	-0.67176
2.27563e-10	-0.67236
2.27782e-10	-0.672869
2.28002e-10	-0.673286
2.28221e-10	-0.673612
2.2844e-10	-0.673845
2.28659e-10	-0.673986
2.28878e-10	-0.674033
2.29097e-10	-0.673985
2.29316e-10	-0.673844
2.29535e-10	-0.673608
2.29754e-10	-0.673276
2.29973e-10	-0.672848
2.30192e-10	-0.672325
2.30411e-10	-0.671705
2.3063e-10	-0.670987
2.30849e-10	-0.670173
2.31068e-10	-0.669261
2.31287e-10	-0.668251
2.31506e-10	-0.667142
2.31725e-10	-0.665935
2.31944e-10	-0.664629
2.32163e-10	-0.663224
2.32382e-10	-0.661719
2.32601e-10	-0.660115
2.3282e-10	-0.65841
2.33039e-10	-0.656606
2.33258e-10	-0.654701
2.33477e-10	-0.652695
2.33696e-10	-0.650589
2.33915e-10	-0.648382
2.34134e-10	-0.646075
2.34353e-10	-0.643666
2.34572e-10	-0.641156
2.34791e-10	-0.638544
2.3501e-10	-0.635832
2.35229e-10	-0.633018
2.35448e-10	-0.630103
2.35667e-10	-0.627087
2.35886e-10	-0.623969
2.36105e-10	-0.62075
2.36324e-10	-0.61743
2.36543e-10	-0.614008
2.36762e-10	-0.610486
2.36981e-10	-0.606862
2.372e-10	-0.603138
2.37419e-10	-0.599313
2.37638e-10	-0.595388
2.37857e-10	-0.591362
2.38077e-10	-0.587236
2.38296e-10	-0.58301
2.38515e-10	-0.578684
2.38734e-10	-0.574259
2.38953e-10	-0.569735
2.39172e-10	-0.565112
2.39391e-10	-0.56039
2.3961e-10	-0.55557
2.39829e-10	-0.550652
2.40048e-10	-0.545636
2.40267e-10	-0.540523
2.40486e-10	-0.535314
2.40705e-10	-0.530008
2.40924e-10	-0.524606
2.41143e-10	-0.519109
2.41362e-10	-0.513517
2.41581e-10	-0.50783
2.418e-10	-0.502049
2.42019e-10	-0.496175
2.42238e-10	-0.490208
2.42457e-10	-0.484148
2.42676e-10	-0.477997
2.42895e-10	-0.471755
2.43114e-10	-0.465422
2.43333e-10	-0.458999
2.43552e-10	-0.452487
2.43771e-10	-0.445886
2.4399e-10	-0.439198
2.44209e-10	-0.432422
2.44428e-10	-0.42556
2.44647e-10	-0.418613
2.44866e-10	-0.41158
2.45085e-10	-0.404463
2.45304e-10	-0.397263
2.45523e-10	-0.38998
2.45742e-10	-0.382616
2.45961e-10	-0.37517
2.4618e-10	-0.367645
2.46399e-10	-0.360041
2.46618e-10	-0.352358
2.46837e-10	-0.344599
2.47056e-10	-0.336763
2.47275e-10	-0.328851
2.47494e-10	-0.320865
2.47713e-10	-0.312806
2.47932e-10	-0.304674
2.48152e-10	-0.296471
2.48371e-10	-0.288197
2.4859e-10	-0.279854
2.48809e-10	-0.271443
2.49028e-10	-0.262965
2.49247e-10	-0.25442
2.49466e-10	-0.24581
2.49685e-10	-0.237137
2.49904e-10	-0.228401
2.50123e-10	-0.219603
2.50342e-10	-0.210745
2.50561e-10	-0.201827
2.5078e-10	-0.192852
2.50999e-10	-0.183819
2.51218e-10	-0.174731
2.51437e-10	-0.165589
2.51656e-10	-0.156393
2.51875e-10	-0.147146
2.52094e-10	-0.137848
2.52313e-10	-0.1285
2.52532e-10	-0.119105
2.52751e-10	-0.109663
2.5297e-10	-0.100175
2.53189e-10	-0.0906434
2.53408e-10	-0.0810691
2.53627e-10	-0.0714533
2.53846e-10	-0.0617976
2.54065e-10	-0.0521032
2.54284e-10	-0.0423716
2.54503e-10	-0.0326042
2.54722e-10	-0.0228023
2.54941e-10	-0.0129674
2.5516e-10	-0.00310098
2.55379e-10	0.00679563
2.55598e-10	0.0167209
2.55817e-10	0.0266735
2.56036e-10	0.0366518
2.56255e-10	0.0466545
2.56474e-10	0.05668
2.56693e-10	0.0667268
2.56912e-10	0.0767935
2.57131e-10	0.0868786
2.5735e-10	0.0969805
2.57569e-10	0.107098
2.57788e-10	0.117229
2.58007e-10	0.127372
2.58227e-10	0.137526
2.58446e-10	0.147689
2.58665e-10	0.15786
2.58884e-10	0.168037
2.59103e-10	0.178219
2.59322e-10	0.188403
2.59541e-10	0.198589
2.5976e-10	0.208775
2.59979e-10	0.218959
2.60198e-10	0.22914
2.60417e-10	0.239316
2.60636e-10	0.249486
2.60855e-10	0.259648
2.61074e-10	0.2698
2.61293e-10	0.279941
2.61512e-10	0.290069
2.61731e-10	0.300182
2.6195e-10	0.31028
2.62169e-10	0.320361
2.62388e-10	0.330422
2.62607e-10	0.340462
2.62826e-10	0.35048
2.63045e-10	0.360475
2.63264e-10	0.370443
2.63483e-10	0.380385
2.63702e-10	0.390298
2.63921e-10	0.400181
2.6414e-10	0.410032
2.64359e-10	0.41985
2.64578e-10	0.429633
2.64797e-10	0.439379
2.65016e-10	0.449087
2.65235e-10	0.458756
2.65454e-10	0.468383
2.65673e-10	0.477968
2.65892e-10	0.487508
2.66111e-10	0.497002
2.6633e-10	0.506449
2.66549e-10	0.515847
2.66768e-10	0.525195
2.66987e-10	0.53449
2.67206e-10	0.543732
2.67425e-10	0.552919
2.67644e-10	0.56205
2.67863e-10	0.571122
2.68082e-10	0.580135
2.68301e-10	0.589087
2.68521e-10	0.597977
2.6874e-10	0.606802
2.68959e-10	0.615562
2.69178e-10	0.624255
2.69397e-10	0.632881
2.69616e-10	0.641436
2.69835e-10	0.64992
2.70054e-10	0.658332
2.70273e-10	0.66667
2.70492e-10	0.674932
2.70711e-10	0.683118
2.7093e-10	0.691226
2.71149e-10	0.699254
2.71368e-10	0.707202
2.71587e-10	0.715068
2.71806e-10	0.72285
2.72025e-10	0.730548
2.72244e-10	0.738159
2.72463e-10	0.745684
2.72682e-10	0.75312
2.72901e-10	0.760466
2.7312e-10	0.767721
2.73339e-10	0.774884
2.73558e-10	0.781954
2.73777e-10	0.788929
2.73996e-10	0.795808
2.74215e-10	0.802591
2.74434e-10	0.809275
2.74653e-10	0.81586
2.74872e-10	0.822345
2.75091e-10	0.828729
2.7531e-10	0.83501
2.75529e-10	0.841187
2.75748e-10	0.84726
2.75967e-10	0.853227
2.76186e-10	0.859088
2.76405e-10	0.864841
2.76624e-10	0.870485
2.76843e-10	0.87602
2.77062e-10	0.881444
2.77281e-10	0.886757
2.775e-10	0.891957
2.77719e-10	0.897045
2.77938e-10	0.902018
2.78157e-10	0.906876
2.78376e-10	0.911618
2.78596e-10	0.916244
2.78815e-10	0.920753
2.79034e-10	0.925143
2.79253e-10	0.929415
2.79472e-10	0.933567
2.79691e-10	0.937599
2.7991e-10	0.941509
2.80129e-10	0.945298
2.80348e-10	0.948965
2.80567e-10	0.952508
2.80786e-10	0.955928
2.81005e-10	0.959224
2.81224e-10	0.962395
2.81443e-10	0.965441
2.81662e-10	0.968361
2.81881e-10	0.971155
2.821e-10	0.973822
2.82319e-10	0.976362
2.82538e-10	0.978775
2.82757e-10	0.981059
2.82976e-10	0.983214
2.83195e-10	0.985241
2.83414e-10	0.987139
2.83633e-10	0.988907
2.83852e-10	0.990545
2.84071e-10	0.992054
2.8429e-10	0.993432
2.84509e-10	0.994679
2.84728e-10	0.995795
2.84947e-10	0.996781
2.85166e-10	0.997635
2.85385e-10	0.998358
2.85604e-10	0.99895
2.85823e-10	0.99941
2.86042e-10	0.999738
2.86261e-10	0.999935
2.8648e-10	1
2.86699e-10	0.999933
2.86918e-10	0.999735
2.87137e-10	0.999405
2.87356e-10	0.998943
2.87575e-10	0.99835
2.87794e-10	0.997625
2.88013e-10	0.996769
2.88232e-10	0.995782
2.88451e-10	0.994664
2.88671e-10	0.993415
2.8889e-10	0.992035
2.89109e-10	0.990525
2.89328e-10	0.988885
2.89547e-10	0.987116
2.89766e-10	0.985216
2.89985e-10	0.983188
2.90204e-10	0.98103
2.90423e-10	0.978745
2.90642e-10	0.976331
2.90861e-10	0.973789
2.9108e-10	0.971121
2.91299e-10	0.968325
2.91518e-10	0.965403
2.91737e-10	0.962356
2.91956e-10	0.959183
2.92175e-10	0.955886
2.92394e-10	0.952464
2.92613e-10	0.948919
2.92832e-10	0.945251
2.93051e-10	0.94146
2.9327e-10	0.937548
2.93489e-10	0.933515
2.93708e-10	0.929361
2.93927e-10	0.925088
2.94146e-10	0.920696
2.94365e-10	0.916186
2.94584e-10	0.911559
2.94803e-10	0.906815
2.95022e-10	0.901955
2.95241e-10	0.89698
2.9546e-10	0.891892
2.95679e-10	0.88669
2.95898e-10	0.881375
2.96117e-10	0.87595
2.96336e-10	0.870414
2.96555e-10	0.864768
2.96774e-10	0.859014
2.96993e-10	0.853152
2.97212e-10	0.847183
2.97431e-10	0.841109
2.9765e-10	0.83493
2.97869e-10	0.828648
2.98088e-10	0.822263
2.98307e-10	0.815777
2.98526e-10	0.809191
2.98746e-10	0.802505
2.98965e-10	0.795721
2.99184e-10	0.788841
2.99403e-10	0.781864
2.99622e-10	0.774794
2.99841e-10	0.767629
3.0006e-10	0.760373
3.00279e-10	0.753026
3.00498e-10	0.745588
3.00717e-10	0.738063
3.00936e-10	0.73045
3.01155e-10	0.722751
3.01374e-10	0.714968
3.01593e-10	0.707101
3.01812e-10	0.699153
3.02031e-10	0.691123
3.0225e-10	0.683014
3.02469e-10	0.674827
3.02688e-10	0.666564
3.02907e-10	0.658225
3.03126e-10	0.649813
3.03345e-10	0.641327
3.03564e-10	0.632771
3.03783e-10	0.624145
3.04002e-10	0.615451
3.04221e-10	0.60669
3.0444e-10	0.597864
3.04659e-10	0.588973
3.04878e-10	0.580021
3.05097e-10	0.571007
3.05316e-10	0.561934
3.05535e-10	0.552803
3.05754e-10	0.543615
3.05973e-10	0.534372
3.06192e-10	0.525076
3.06411e-10	0.515728
3.0663e-10	0.506329
3.06849e-10	0.496882
3.07068e-10	0.487387
3.07287e-10	0.477846
3.07506e-10	0.468261
3.07725e-10	0.458633
3.07944e-10	0.448964
3.08163e-10	0.439255
3.08382e-10	0.429509
3.08601e-10	0.419725
3.0882e-10	0.409907
3.0904e-10	0.400056
3.09259e-10	0.390172
3.09478e-10	0.380259
3.09697e-10	0.370317
3.09916e-10	0.360347
3.10135e-10	0.350353
3.10354e-10	0.340334
3.10573e-10	0.330294
3.10792e-10	0.320232
3.11011e-10	0.310152
3.1123e-10	0.300054
3.11449e-10	0.28994
3.11668e-10	0.279811
3.11887e-10	0.26967
3.12106e-10	0.259518
3.12325e-10	0.249357
3.12544e-10	0.239187
3.12763e-10	0.229011
3.12982e-10	0.21883
3.13201e-10	0.208645
3.1342e-10	0.19846
3.13639e-10	0.188274
3.13858e-10	0.178089
3.14077e-10	0.167908
3.14296e-10	0.157731
3.14515e-10	0.14756
3.14734e-10	0.137397
3.14953e-10	0.127243
3.15172e-10	0.1171
3.15391e-10	0.106969
3.1561e-10	0.0968517
3.15829e-10	0.08675
3.16048e-10	0.0766652
3.16267e-10	0.0665987
3.16486e-10	0.0565521
3.16705e-10	0.0465269
3.16924e-10	0.0365246
3.17143e-10	0.0265466
3.17362e-10	0.0165943
3.17581e-10	0.00666937
3.178e-10	-0.00322686
3.18019e-10	-0.0130929
3.18238e-10	-0.0229274
3.18457e-10	-0.0327288
3.18676e-10	-0.0424958
3.18895e-10	-0.052227
3.19115e-10	-0.0619208
3.19334e-10	-0.0715761
3.19553e-10	-0.0811913
3.19772e-10	-0.0907651
3.19991e-10	-0.100296
3.2021e-10	-0.109783
3.20429e-10	-0.119225
3.20648e-10	-0.12862
3.20867e-10	-0.137966
3.21086e-10	-0.147264
3.21305e-10	-0.156511
3.21524e-10	-0.165706
3.21743e-10	-0.174847
3.21962e-10	-0.183935
3.22181e-10	-0.192966
3.224e-10	-0.201941
3.22619e-10	-0.210858
3.22838e-10	-0.219715
3.23057e-10	-0.228512
3.23276e-10	-0.237248
3.23495e-10	-0.24592
3.23714e-10	-0.254529
3.23933e-10	-0.263073
3.24152e-10	-0.271551
3.24371e-10	-0.279961
3.2459e-10	-0.288303
3.24809e-10	-0.296576
3.25028e-10	-0.304778
3.25247e-10	-0.312909
3.25466e-10	-0.320967
3.25685e-10	-0.328952
3.25904e-10	-0.336863
3.26123e-10	-0.344698
3.26342e-10	-0.352457
3.26561e-10	-0.360138
3.2678e-10	-0.367742
3.26999e-10	-0.375266
3.27218e-10	-0.38271
3.27437e-10	-0.390073
3.27656e-10	-0.397355
3.27875e-10	-0.404554
3.28094e-10	-0.41167
3.28313e-10	-0.418702
3.28532e-10	-0.425648
3.28751e-10	-0.432509
3.2897e-10	-0.439284
3.2919e-10	-0.445971
3.29409e-10	-0.452571
3.29628e-10	-0.459082
3.29847e-10	-0.465503
3.30066e-10	-0.471835
3.30285e-10	-0.478076
3.30504e-10	-0.484226
3.30723e-10	-0.490284
3.30942e-10	-0.49625
3.31161e-10	-0.502123
3.3138e-10	-0.507903
3.31599e-10	-0.513588
3.31818e-10	-0.519179
3.32037e-10	-0.524676
3.32256e-10	-0.530076
3.32475e-10	-0.535381
3.32694e-10	-0.540589
3.32913e-10	-0.545701
3.33132e-10	-0.550715
3.33351e-10	-0.555632
3.3357e-10	-0.56045
3.33789e-10	-0.565171
3.34008e-10	-0.569793
3.34227e-10	-0.574316
3.34446e-10	-0.57874
3.34665e-10	-0.583064
3.34884e-10	-0.587289
3.35103e-10	-0.591414
3.35322e-10	-0.595438
3.35541e-10	-0.599363
3.3576e-10	-0.603186
3.35979e-10	-0.606909
3.36198e-10	-0.610531
3.36417e-10	-0.614053
3.36636e-10	-0.617473
3.36855e-10	-0.620792
3.37074e-10	-0.624009
3.37293e-10	-0.627126
3.37512e-10	-0.630141
3.37731e-10	-0.633055
3.3795e-10	-0.635867
3.38169e-10	-0.638578
3.38388e-10	-0.641188
3.38607e-10	-0.643697
3.38826e-10	-0.646105
3.39045e-10	-0.648411
3.39265e-10	-0.650617
3.39484e-10	-0.652722
3.39703e-10	-0.654726
3.39922e-10	-0.656629
3.40141e-10	-0.658433
3.4036e-10	-0.660136
3.40579e-10	-0.661739
3.40798e-10	-0.663242
3.41017e-10	-0.664646
3.41236e-10	-0.665951
3.41455e-10	-0.667157
3.41674e-10	-0.668264
3.41893e-10	-0.669273
3.42112e-10	-0.670184
3.42331e-10	-0.670997
3.4255e-10	-0.671713
3.42769e-10	-0.672332
3.42988e-10	-0.672854
3.43207e-10	-0.673281
3.43426e-10	-0.673611
3.43645e-10	-0.673846
3.43864e-10	-0.673987
3.44083e-10	-0.674033
3.44302e-10	-0.673984
3.44521e-10	-0.673843
3.4474e-10	-0.673608
3.44959e-10	-0.673282
3.45178e-10	-0.672863
3.45397e-10	-0.672353
3.45616e-10	-0.671752
3.45835e-10	-0.67106
3.46054e-10	-0.67028
3.46273e-10	-0.66941
3.46492e-10	-0.668451
3.46711e-10	-0.667405
3.4693e-10	-0.666272
3.47149e-10	-0.665052
3.47368e-10	-0.663746
3.47587e-10	-0.662355
3.47806e-10	-0.660879
3.48025e-10	-0.65932
3.48244e-10	-0.657677
3.48463e-10	-0.655952
3.48682e-10	-0.654146
3.48901e-10	-0.652258
3.4912e-10	-0.65029
3.4934e-10	-0.648243
3.49559e-10	-0.646117
3.49778e-10	-0.643913
3.49997e-10	-0.641632
3.50216e-10	-0.639274
3.50435e-10	-0.636841
3.50654e-10	-0.634334
3.50873e-10	-0.631752
3.51092e-10	-0.629097
3.51311e-10	-0.626371
3.5153e-10	-0.623572
3.51749e-10	-0.620704
3.51968e-10	-0.617765
3.52187e-10	-0.614758
3.52406e-10	-0.611683
3.52625e-10	-0.608541
3.52844e-10	-0.605333
3.53063e-10	-0.602059
3.53282e-10	-0.598721
3.53501e-10	-0.59532
3.5372e-10	-0.591856
3.53939e-10	-0.588331
3.54158e-10	-0.584745
3.54377e-10	-0.5811
3.54596e-10	-0.577395
3.54815e-10	-0.573633
3.55034e-10	-0.569814
3.55253e-10	-0.56594
3.55472e-10	-0.56201
3.55691e-10	-0.558026
3.5591e-10	-0.553989
3.56129e-10	-0.5499
3.56348e-10	-0.54576
3.56567e-10	-0.541571
3.56786e-10	-0.537331
3.57005e-10	-0.533044
3.57224e-10	-0.52871
3.57443e-10	-0.52433
3.57662e-10	-0.519904
3.57881e-10	-0.515434
3.581e-10	-0.510921
3.58319e-10	-0.506366
3.58538e-10	-0.50177
3.58757e-10	-0.497134
3.58976e-10	-0.492459
3.59195e-10	-0.487745
3.59414e-10	-0.482994
3.59634e-10	-0.478207
3.59853e-10	-0.473385
3.60072e-10	-0.468529
3.60291e-10	-0.46364
3.6051e-10	-0.458719
3.60729e-10	-0.453766
3.60948e-10	-0.448784
3.61167e-10	-0.443772
3.61386e-10	-0.438732
3.61605e-10	-0.433665
3.61824e-10	-0.428572
3.62043e-10	-0.423454
3.62262e-10	-0.418312
3.62481e-10	-0.413147
3.627e-10	-0.407959
3.62919e-10	-0.402751
3.63138e-10	-0.397522
3.63357e-10	-0.392274
3.63576e-10	-0.387008
3.63795e-10	-0.381724
3.64014e-10	-0.376425
3.64233e-10	-0.37111
3.64452e-10	-0.365781
3.64671e-10	-0.360438
3.6489e-10	-0.355083
3.65109e-10	-0.349717
3.65328e-10	-0.34434
3.65547e-10	-0.338954
3.65766e-10	-0.333559
3.65985e-10	-0.328157
3.66204e-10	-0.322747
3.66423e-10	-0.317332
3.66642e-10	-0.311912
3.66861e-10	-0.306488
3.6708e-10	-0.301061
3.67299e-10	-0.295632
3.67518e-10	-0.290202
3.67737e-10	-0.284771
3.67956e-10	-0.279341
3.68175e-10	-0.273913
3.68394e-10	-0.268486
3.68613e-10	-0.263063
3.68832e-10	-0.257644
3.69051e-10	-0.252229
3.6927e-10	-0.246821
3.69489e-10	-0.241419
3.69709e-10	-0.236024
3.69928e-10	-0.230638
3.70147e-10	-0.225261
3.70366e-10	-0.219893
3.70585e-10	-0.214537
3.70804e-10	-0.209191
3.71023e-10	-0.203858
3.71242e-10	-0.198539
3.71461e-10	-0.193232
3.7168e-10	-0.187941
3.71899e-10	-0.182665
3.72118e-10	-0.177405
3.72337e-10	-0.172161
3.72556e-10	-0.166936
3.72775e-10	-0.161728
3.72994e-10	-0.15654
3.73213e-10	-0.151371
3.73432e-10	-0.146223
3.73651e-10	-0.141096
3.7387e-10	-0.135991
3.74089e-10	-0.130908
3.74308e-10	-0.125848
3.74527e-10	-0.120812
3.74746e-10	-0.115801
3.74965e-10	-0.110814
3.75184e-10	-0.105854
3.75403e-10	-0.100919
3.75622e-10	-0.0960114
3.75841e-10	-0.0911313
3.7606e-10	-0.0862793
3.76279e-10	-0.081456
3.76498e-10	-0.0766619
3.76717e-10	-0.0718977
3.76936e-10	-0.0671637
3.77155e-10	-0.0624607
3.77374e-10	-0.0577891
3.77593e-10	-0.0531494
3.77812e-10	-0.0485422
3.78031e-10	-0.0439679
3.7825e-10	-0.0394271
3.78469e-10	-0.0349202
3.78688e-10	-0.0304477
3.78907e-10	-0.0260101
3.79126e-10	-0.0216078
3.79345e-10	-0.0172412
3.79564e-10	-0.0129108
3.79784e-10	-0.00861701
3.80003e-10	-0.00436024
3.80222e-10	-0.000140886
3.80441e-10	0.00404066
3.8066e-10	0.00818402
3.80879e-10	0.0122888
3.81098e-10	0.0163547
3.81317e-10	0.0203813
3.81536e-10	0.0243683
3.81755e-10	0.0283153
3.81974e-10	0.0322221
3.82193e-10	0.0360883
3.82412e-10	0.0399136
3.82631e-10	0.0436977
3.8285e-10	0.0474404
3.83069e-10	0.0511414
3.83288e-10	0.0548004
3.83507e-10	0.0584171
3.83726e-10	0.0619914
3.83945e-10	0.0655229
3.84164e-10	0.0690115
3.84383e-10	0.072457
3.84602e-10	0.0758591
3.84821e-10	0.0792177
3.8504e-10	0.0825325
3.85259e-10	0.0858034
3.85478e-10	0.0890303
3.85697e-10	0.092213
3.85916e-10	0.0953513
3.86135e-10	0.098445
3.86354e-10	0.101494
3.86573e-10	0.104499
3.86792e-10	0.107458
3.87011e-10	0.110373
3.8723e-10	0.113242
3.87449e-10	0.116067
3.87668e-10	0.118846
3.87887e-10	0.12158
3.88106e-10	0.124269
3.88325e-10	0.126912
3.88544e-10	0.12951
3.88763e-10	0.132062
3.88982e-10	0.134569
3.89201e-10	0.137031
3.8942e-10	0.139447
3.89639e-10	0.141818
3.89859e-10	0.144143
3.90078e-10	0.146423
3.90297e-10	0.148657
3.90516e-10	0.150846
3.90735e-10	0.15299
3.90954e-10	0.155089
3.91173e-10	0.157142
3.91392e-10	0.15915
3.91611e-10	0.161114
3.9183e-10	0.163032
3.92049e-10	0.164905
3.92268e-10	0.166734
3.92487e-10	0.168518
3.92706e-10	0.170258
3.92925e-10	0.171953
3.93144e-10	0.173604
3.93363e-10	0.175211
3.93582e-10	0.176774
3.93801e-10	0.178293
3.9402e-10	0.179769
3.94239e-10	0.1812
3.94458e-10	0.182589
3.94677e-10	0.183935
3.94896e-10	0.185237
3.95115e-10	0.186497
3.95334e-10	0.187714
3.95553e-10	0.188889
3.95772e-10	0.190021
3.95991e-10	0.191112
3.9621e-10	0.192161
3.96429e-10	0.193169
3.96648e-10	0.194135
3.96867e-10	0.19506
3.97086e-10	0.195944
3.97305e-10	0.196788
3.97524e-10	0.197592
3.97743e-10	0.198356
3.97962e-10	0.19908
3.98181e-10	0.199764
3.984e-10	0.200409
3.98619e-10	0.201015
3.98838e-10	0.201583
3.99057e-10	0.202112
3.99276e-10	0.202604
3.99495e-10	0.203057
3.99714e-10	0.203473
3.99933e-10	0.203852
4.00153e-10	0.204194
4.00372e-10	0.2045
4.00591e-10	0.204769
4.0081e-10	0.205003
4.01029e-10	0.205201
4.01248e-10	0.205363
4.01467e-10	0.205491
4.01686e-10	0.205584
4.01905e-10	0.205643
4.02124e-10	0.205669
4.02343e-10	0.20566
4.02562e-10	0.205619
4.02781e-10	0.205544
4.03e-10	0.205437
4.03219e-10	0.205298
4.03438e-10	0.205128
4.03657e-10	0.204925
4.03876e-10	0.204692
4.04095e-10	0.204428
4.04314e-10	0.204134
4.04533e-10	0.20381
4.04752e-10	0.203456
4.04971e-10	0.203074
4.0519e-10	0.202662
4.05409e-10	0.202222
4.05628e-10	0.201754
4.05847e-10	0.201258
4.06066e-10	0.200735
4.06285e-10	0.200185
4.06504e-10	0.199609
4.06723e-10	0.199006
4.06942e-10	0.198378
4.07161e-10	0.197724
4.0738e-10	0.197045
4.07599e-10	0.196342
4.07818e-10	0.195615
4.08037e-10	0.194863
4.08256e-10	0.194089
4.08475e-10	0.193291
4.08694e-10	0.192471
4.08913e-10	0.191628
4.09132e-10	0.190764
4.09351e-10	0.189878
4.0957e-10	0.188971
4.09789e-10	0.188044
4.10008e-10	0.187096
4.10228e-10	0.186129
4.10447e-10	0.185142
4.10666e-10	0.184136
4.10885e-10	0.183111
4.11104e-10	0.182068
4.11323e-10	0.181007
4.11542e-10	0.179928
4.11761e-10	0.178832
4.1198e-10	0.17772
4.12199e-10	0.176591
4.12418e-10	0.175446
4.12637e-10	0.174286
4.12856e-10	0.17311
4.13075e-10	0.17192
4.13294e-10	0.170715
4.13513e-10	0.169496
4.13732e-10	0.168264
4.13951e-10	0.167018
4.1417e-10	0.165759
4.14389e-10	0.164488
4.14608e-10	0.163204
4.14827e-10	0.161909
4.15046e-10	0.160602
4.15265e-10	0.159285
4.15484e-10	0.157956
4.15703e-10	0.156617
4.15922e-10	0.155268
4.16141e-10	0.15391
4.1636e-10	0.152542
4.16579e-10	0.151166
4.16798e-10	0.14978
4.17017e-10	0.148387
4.17236e-10	0.146986
4.17455e-10	0.145577
4.17674e-10	0.144161
4.17893e-10	0.142738
4.18112e-10	0.141309
4.18331e-10	0.139874
4.1855e-10	0.138432
4.18769e-10	0.136986
4.18988e-10	0.135534
4.19207e-10	0.134077
4.19426e-10	0.132616
4.19645e-10	0.131151
4.19864e-10	0.129681
4.20083e-10	0.128209
4.20303e-10	0.126733
4.20522e-10	0.125254
4.20741e-10	0.123772
4.2096e-10	0.122288
4.21179e-10	0.120802
4.21398e-10	0.119314
4.21617e-10	0.117825
4.21836e-10	0.116335
4.22055e-10	0.114844
4.22274e-10	0.113352
4.22493e-10	0.11186
4.22712e-10	0.110368
4.22931e-10	0.108877
4.2315e-10	0.107385
4.23369e-10	0.105895
4.23588e-10	0.104406
4.23807e-10	0.102918
4.24026e-10	0.101431
4.24245e-10	0.0999466
4.24464e-10	0.0984641
4.24683e-10	0.096984
4.24902e-10	0.0955064
4.25121e-10	0.0940317
4.2534e-10	0.0925601
4.25559e-10	0.0910917
4.25778e-10	0.0896269
4.25997e-10	0.0881658
4.26216e-10	0.0867087
4.26435e-10	0.0852558
4.26654e-10	0.0838074
4.26873e-10	0.0823635
4.27092e-10	0.0809246
4.27311e-10	0.0794907
4.2753e-10	0.078062
4.27749e-10	0.0766388
4.27968e-10	0.0752212
4.28187e-10	0.0738095
4.28406e-10	0.0724038
4.28625e-10	0.0710044
4.28844e-10	0.0696114
4.29063e-10	0.0682249
4.29282e-10	0.0668452
4.29501e-10	0.0654724
4.2972e-10	0.0641067
4.29939e-10	0.0627483
4.30158e-10	0.0613974
4.30378e-10	0.060054
4.30597e-10	0.0587183
4.30816e-10	0.0573905
4.31035e-10	0.0560708
4.31254e-10	0.0547592
4.31473e-10	0.053456
4.31692e-10	0.0521613
4.31911e-10	0.0508751
4.3213e-10	0.0495976
4.32349e-10	0.048329
4.32568e-10	0.0470694
4.32787e-10	0.0458189
4.33006e-10	0.0445776
4.33225e-10	0.0433456
4.33444e-10	0.0421231
4.33663e-10	0.0409101
4.33882e-10	0.0397068
4.34101e-10	0.0385132
4.3432e-10	0.0373294
4.34539e-10	0.0361556
4.34758e-10	0.0349919
4.34977e-10	0.0338382
4.35196e-10	0.0326948
4.35415e-10	0.0315616
4.35634e-10	0.0304388
4.35853e-10	0.0293265
4.36072e-10	0.0282247
4.36291e-10	0.0271334
4.3651e-10	0.0260528
4.36729e-10	0.024983
4.36948e-10	0.0239239
4.37167e-10	0.0228756
4.37386e-10	0.0218382
4.37605e-10	0.0208117
4.37824e-10	0.0197963
4.38043e-10	0.0187918
4.38262e-10	0.0177985
4.38481e-10	0.0168162
4.387e-10	0.0158451
4.38919e-10	0.0148852
4.39138e-10	0.0139365
4.39357e-10	0.0129991
4.39576e-10	0.0120729
4.39795e-10	0.011158
4.40014e-10	0.0102545
4.40233e-10	0.00936224
4.40452e-10	0.00848136
4.40672e-10	0.00761186
4.40891e-10	0.00675372
4.4111e-10	0.00590697
4.41329e-10	0.00507162
4.41548e-10	0.00424765
4.41767e-10	0.00343508
4.41986e-10	0.00263391
4.42205e-10	0.00184412
4.42424e-10	0.00106572
4.42643e-10	0.000298698
4.42862e-10	-0.000456959
4.43081e-10	-0.00120126
4.433e-10	-0.00193423
4.43519e-10	-0.00265587
4.43738e-10	-0.00336621
4.43957e-10	-0.00406527
4.44176e-10	-0.00475307
4.44395e-10	-0.00542963
4.44614e-10	-0.00609499
4.44833e-10	-0.00674917
4.45052e-10	-0.0073922
4.45271e-10	-0.00802412
4.4549e-10	-0.00864496
4.45709e-10	-0.00925475
4.45928e-10	-0.00985354
4.46147e-10	-0.0104414
4.46366e-10	-0.0110183
4.46585e-10	-0.0115843
4.46804e-10	-0.0121395
4.47023e-10	-0.0126839
4.47242e-10	-0.0132176
4.47461e-10	-0.0137405
4.4768e-10	-0.0142529
4.47899e-10	-0.0147546
4.48118e-10	-0.0152458
4.48337e-10	-0.0157266
4.48556e-10	-0.0161969
4.48775e-10	-0.0166569
4.48994e-10	-0.0171066
4.49213e-10	-0.017546
4.49432e-10	-0.0179753
4.49651e-10	-0.0183944
4.4987e-10	-0.0188035
4.50089e-10	-0.0192027
4.50308e-10	-0.0195919
4.50527e-10	-0.0199713
4.50747e-10	-0.0203409
4.50966e-10	-0.0207008
4.51185e-10	-0.021051
4.51404e-10	-0.0213918
4.51623e-10	-0.021723
4.51842e-10	-0.0220448
4.52061e-10	-0.0223573
4.5228e-10	-0.0226605
4.52499e-10	-0.0229546
4.52718e-10	-0.0232395
4.52937e-10	-0.0235155
4.53156e-10	-0.0237825
4.53375e-10	-0.0240406
4.53594e-10	-0.0242899
4.53813e-10	-0.0245306
4.54032e-10	-0.0247626
4.54251e-10	-0.0249861
4.5447e-10	-0.0252012
4.54689e-10	-0.0254078
4.54908e-10	-0.0256063
4.55127e-10	-0.0257965
4.55346e-10	-0.0259786
4.55565e-10	-0.0261527
4.55784e-10	-0.0263188
4.56003e-10	-0.0264771
4.56222e-10	-0.0266277
4.56441e-10	-0.0267706
4.5666e-10	-0.0269059
4.56879e-10	-0.0270337
4.57098e-10	-0.0271541
4.57317e-10	-0.0272672
4.57536e-10	-0.027373
4.57755e-10	-0.0274717
4.57974e-10	-0.0275634
4.58193e-10	-0.0276482
4.58412e-10	-0.027726
4.58631e-10	-0.0277971
4.5885e-10	-0.0278615
4.59069e-10	-0.0279193
4.59288e-10	-0.0279707
4.59507e-10	-0.0280156
4.59726e-10	-0.0280541
4.59945e-10	-0.0280865
4.60164e-10	-0.0281127
4.60383e-10	-0.0281329
4.60602e-10	-0.0281471
4.60822e-10	-0.0281555
4.61041e-10	-0.028158
4.6126e-10	-0.0281549
4.61479e-10	-0.0281462
4.61698e-10	-0.028132
4.61917e-10	-0.0281124
4.62136e-10	-0.0280875
4.62355e-10	-0.0280573
4.62574e-10	-0.028022
4.62793e-10	-0.0279816
4.63012e-10	-0.0279362
4.63231e-10	-0.027886
4.6345e-10	-0.027831
4.63669e-10	-0.0277713
4.63888e-10	-0.027707
4.64107e-10	-0.0276381
4.64326e-10	-0.0275648
4.64545e-10	-0.0274872
4.64764e-10	-0.0274052
4.64983e-10	-0.0273191
4.65202e-10	-0.027229
4.65421e-10	-0.0271348
4.6564e-10	-0.0270366
4.65859e-10	-0.0269347
4.66078e-10	-0.0268289
4.66297e-10	-0.0267195
4.66516e-10	-0.0266065
4.66735e-10	-0.02649
4.66954e-10	-0.0263701
4.67173e-10	-0.0262468
4.67392e-10	-0.0261203
4.67611e-10	-0.0259905
4.6783e-10	-0.0258577
4.68049e-10	-0.0257218
4.68268e-10	-0.025583
4.68487e-10	-0.0254413
4.68706e-10	-0.0252969
4.68925e-10	-0.0251497
4.69144e-10	-0.0249998
4.69363e-10	-0.0248474
4.69582e-10	-0.0246925
4.69801e-10	-0.0245352
4.7002e-10	-0.0243756
4.70239e-10	-0.0242136
4.70458e-10	-0.0240495
4.70677e-10	-0.0238833
4.70897e-10	-0.023715
4.71116e-10	-0.0235447
4.71335e-10	-0.0233725
4.71554e-10	-0.0231984
4.71773e-10	-0.0230226
4.71992e-10	-0.022845
4.72211e-10	-0.0226659
4.7243e-10	-0.0224851
4.72649e-10	-0.0223028
4.72868e-10	-0.0221191
4.73087e-10	-0.021934
4.73306e-10	-0.0217476
4.73525e-10	-0.0215599
4.73744e-10	-0.021371
4.73963e-10	-0.021181
4.74182e-10	-0.0209899
4.74401e-10	-0.0207977
4.7462e-10	-0.0206047
4.74839e-10	-0.0204107
4.75058e-10	-0.0202159
4.75277e-10	-0.0200203
4.75496e-10	-0.019824
4.75715e-10	-0.019627
4.75934e-10	-0.0194293
4.76153e-10	-0.0192312
4.76372e-10	-0.0190325
4.76591e-10	-0.0188333
4.7681e-10	-0.0186337
4.77029e-10	-0.0184338
4.77248e-10	-0.0182336
4.77467e-10	-0.0180331
4.77686e-10	-0.0178323
4.77905e-10	-0.0176315
4.78124e-10	-0.0174305
4.78343e-10	-0.0172294
4.78562e-10	-0.0170283
4.78781e-10	-0.0168272
4.79e-10	-0.0166262
4.79219e-10	-0.0164253
4.79438e-10	-0.0162246
4.79657e-10	-0.016024
4.79876e-10	-0.0158236
4.80095e-10	-0.0156236
4.80314e-10	-0.0154238
4.80533e-10	-0.0152244
4.80752e-10	-0.0150254
4.80972e-10	-0.0148267
4.81191e-10	-0.0146286
4.8141e-10	-0.014431
4.81629e-10	-0.0142338
4.81848e-10	-0.0140373
4.82067e-10	-0.0138413
4.82286e-10	-0.013646
4.82505e-10	-0.0134513
4.82724e-10	-0.0132574
4.82943e-10	-0.0130641
4.83162e-10	-0.0128716
4.83381e-10	-0.0126799
4.836e-10	-0.012489
4.83819e-10	-0.012299
4.84038e-10	-0.0121098
4.84257e-10	-0.0119215
4.84476e-10	-0.0117342
4.84695e-10	-0.0115478
4.84914e-10	-0.0113623
4.85133e-10	-0.0111779
4.85352e-10	-0.0109945
4.85571e-10	-0.0108121
4.8579e-10	-0.0106308
4.86009e-10	-0.0104506
4.86228e-10	-0.0102715
4.86447e-10	-0.0100935
4.86666e-10	-0.00991662
4.86885e-10	-0.00974094
4.87104e-10	-0.00956645
4.87323e-10	-0.00939317
4.87542e-10	-0.0092211
4.87761e-10	-0.00905027
4.8798e-10	-0.00888069
4.88199e-10	-0.00871239
4.88418e-10	-0.00854536
4.88637e-10	-0.00837964
4.88856e-10	-0.00821522
4.89075e-10	-0.00805213
4.89294e-10	-0.00789038
4.89513e-10	-0.00772998
4.89732e-10	-0.00757094
4.89951e-10	-0.00741328
4.9017e-10	-0.007257
4.90389e-10	-0.00710211
4.90608e-10	-0.00694862
4.90827e-10	-0.00679655
4.91046e-10	-0.0066459
4.91266e-10	-0.00649668
4.91485e-10	-0.0063489
4.91704e-10	-0.00620256
4.91923e-10	-0.00605767
4.92142e-10	-0.00591424
4.92361e-10	-0.00577228
4.9258e-10	-0.00563178
4.92799e-10	-0.00549275
4.93018e-10	-0.00535521
4.93237e-10	-0.00521914
4.93456e-10	-0.00508456
4.93675e-10	-0.00495147
4.93894e-10	-0.00481988
4.94113e-10	-0.00468977
4.94332e-10	-0.00456116
4.94551e-10	-0.00443405
4.9477e-10	-0.00430844
4.94989e-10	-0.00418433
4.95208e-10	-0.00406172
4.95427e-10	-0.00394061
4.95646e-10	-0.003821
4.95865e-10	-0.00370288
4.96084e-10	-0.00358627
4.96303e-10	-0.00347115
4.96522e-10	-0.00335753
4.96741e-10	-0.00324541
4.9696e-10	-0.00313477
4.97179e-10	-0.00302563
4.97398e-10	-0.00291796
4.97617e-10	-0.00281179
4.97836e-10	-0.00270709
4.98055e-10	-0.00260386
4.98274e-10	-0.00250211
4.98493e-10	-0.00240183
4.98712e-10	-0.002303
4.98931e-10	-0.00220564
4.9915e-10	-0.00210972
4.99369e-10	-0.00201526
4.99588e-10	-0.00192223
4.99807e-10	-0.00183064
5.00026e-10	-0.00174048
5.00245e-10	-0.00165174
5.00464e-10	-0.00156442
5.00683e-10	-0.0014785
5.00902e-10	-0.00139399
5.01121e-10	-0.00131088
5.01341e-10	-0.00122915
5.0156e-10	-0.0011488
5.01779e-10	-0.00106983
5.01998e-10	-0.000992213
5.02217e-10	-0.000915957
5.02436e-10	-0.000841048
5.02655e-10	-0.000767478
5.02874e-10	-0.000695239
5.03093e-10	-0.000624321
5.03312e-10	-0.000554715
5.03531e-10	-0.000486412
5.0375e-10	-0.000419403
5.03969e-10	-0.000353679
5.04188e-10	-0.000289229
5.04407e-10	-0.000226044
5.04626e-10	-0.000164115
5.04845e-10	-0.00010343
5.05064e-10	-4.39813e-05
5.05283e-10	1.42431e-05
5.05502e-10	7.12528e-05
5.05721e-10	0.000127058
5.0594e-10	0.00018167
5.06159e-10	0.000235099
5.06378e-10	0.000287356
5.06597e-10	0.00033845
5.06816e-10	0.000388394
5.07035e-10	0.000437199
5.07254e-10	0.000484874
5.07473e-10	0.000531432
5.07692e-10	0.000576883
5.07911e-10	0.000621239
5.0813e-10	0.000664511
5.08349e-10	0.000706709
5.08568e-10	0.000747846
5.08787e-10	0.000787934
5.09006e-10	0.000826982
5.09225e-10	0.000865003
5.09444e-10	0.000902009
5.09663e-10	0.00093801
5.09882e-10	0.000973019
5.10101e-10	0.00100705
5.1032e-10	0.0010401
5.10539e-10	0.0010722
5.10758e-10	0.00110336
5.10977e-10	0.00113358
5.11196e-10	0.00116287
5.11416e-10	0.00119126
5.11635e-10	0.00121875
5.11854e-10	0.00124534
5.12073e-10	0.00127106
5.12292e-10	0.00129592
5.12511e-10	0.00131992
5.1273e-10	0.00134309
5.12949e-10	0.00136542
5.13168e-10	0.00138693
5.13387e-10	0.00140764
5.13606e-10	0.00142755
5.13825e-10	0.00144668
5.14044e-10	0.00146503
5.14263e-10	0.00148262
5.14482e-10	0.00149947
5.14701e-10	0.00151557
5.1492e-10	0.00153095
5.15139e-10	0.00154562
5.15358e-10	0.00155958
5.15577e-10	0.00157284
5.15796e-10	0.00158543
5.16015e-10	0.00159734
5.16234e-10	0.00160859
5.16453e-10	0.00161919
5.16672e-10	0.00162916
5.16891e-10	0.0016385
5.1711e-10	0.00164722
5.17329e-10	0.00165534
5.17548e-10	0.00166286
5.17767e-10	0.0016698
5.17986e-10	0.00167616
5.18205e-10	0.00168196
5.18424e-10	0.0016872
5.18643e-10	0.00169191
5.18862e-10	0.00169608
5.19081e-10	0.00169973
5.193e-10	0.00170287
5.19519e-10	0.00170551
5.19738e-10	0.00170765
5.19957e-10	0.00170931
5.20176e-10	0.0017105
5.20395e-10	0.00171123
5.20614e-10	0.00171151
5.20833e-10	0.00171134
5.21052e-10	0.00171074
5.21271e-10	0.00170971
5.21491e-10	0.00170827
5.2171e-10	0.00170642
5.21929e-10	0.00170418
5.22148e-10	0.00170155
5.22367e-10	0.00169854
5.22586e-10	0.00169516
5.22805e-10	0.00169143
5.23024e-10	0.00168734
5.23243e-10	0.0016829
5.23462e-10	0.00167813
5.23681e-10	0.00167304
5.239e-10	0.00166763
5.24119e-10	0.00166191
5.24338e-10	0.00165588
5.24557e-10	0.00164957
5.24776e-10	0.00164296
5.24995e-10	0.00163609
5.25214e-10	0.00162894
5.25433e-10	0.00162153
5.25652e-10	0.00161386
5.25871e-10	0.00160595
5.2609e-10	0.0015978
5.26309e-10	0.00158942
5.26528e-10	0.00158081
5.26747e-10	0.00157199
5.26966e-10	0.00156295
5.27185e-10	0.00155371
5.27404e-10	0.00154428
5.27623e-10	0.00153465
5.27842e-10	0.00152485
5.28061e-10	0.00151486
5.2828e-10	0.00150471
5.28499e-10	0.00149439
5.28718e-10	0.00148392
5.28937e-10	0.00147329
5.29156e-10	0.00146253
5.29375e-10	0.00145162
5.29594e-10	0.00144058
5.29813e-10	0.00142941
5.30032e-10	0.00141812
5.30251e-10	0.00140672
5.3047e-10	0.0013952
5.30689e-10	0.00138358
5.30908e-10	0.00137187
5.31127e-10	0.00136005
5.31346e-10	0.00134816
5.31565e-10	0.00133617
5.31785e-10	0.00132411
5.32004e-10	0.00131198
5.32223e-10	0.00129978
5.32442e-10	0.00128751
5.32661e-10	0.00127519
5.3288e-10	0.00126281
5.33099e-10	0.00125038
5.33318e-10	0.00123791
5.33537e-10	0.00122539
5.33756e-10	0.00121284
5.33975e-10	0.00120026
5.34194e-10	0.00118765
5.34413e-10	0.00117501
5.34632e-10	0.00116236
5.34851e-10	0.00114969
5.3507e-10	0.001137
5.35289e-10	0.00112431
5.35508e-10	0.00111161
5.35727e-10	0.00109891
5.35946e-10	0.00108621
5.36165e-10	0.00107352
5.36384e-10	0.00106083
5.36603e-10	0.00104816
5.36822e-10	0.0010355
5.37041e-10	0.00102286
5.3726e-10	0.00101025
5.37479e-10	0.000997651
5.37698e-10	0.000985083
5.37917e-10	0.000972545
5.38136e-10	0.00096004
5.38355e-10	0.00094757
5.38574e-10	0.000935137
5.38793e-10	0.000922745
5.39012e-10	0.000910396
5.39231e-10	0.000898092
5.3945e-10	0.000885835
5.39669e-10	0.000873628
5.39888e-10	0.000861473
5.40107e-10	0.000849373
5.40326e-10	0.000837328
5.40545e-10	0.000825342
5.40764e-10	0.000813416
5.40983e-10	0.000801552
5.41202e-10	0.000789752
5.41421e-10	0.000778017
5.4164e-10	0.00076635
5.4186e-10	0.000754752
5.42079e-10	0.000743225
5.42298e-10	0.00073177
5.42517e-10	0.000720389
5.42736e-10	0.000709083
5.42955e-10	0.000697853
5.43174e-10	0.000686702
5.43393e-10	0.000675629
5.43612e-10	0.000664637
5.43831e-10	0.000653727
5.4405e-10	0.000642899
5.44269e-10	0.000632155
5.44488e-10	0.000621496
5.44707e-10	0.000610923
5.44926e-10	0.000600436
5.45145e-10	0.000590037
5.45364e-10	0.000579727
5.45583e-10	0.000569506
5.45802e-10	0.000559375
5.46021e-10	0.000549335
5.4624e-10	0.000539386
5.46459e-10	0.000529529
5.46678e-10	0.000519765
5.46897e-10	0.000510095
5.47116e-10	0.000500518
5.47335e-10	0.000491035
5.47554e-10	0.000481647
5.47773e-10	0.000472354
5.47992e-10	0.000463156
5.48211e-10	0.000454055
5.4843e-10	0.000445049
5.48649e-10	0.00043614
5.48868e-10	0.000427327
5.49087e-10	0.000418611
5.49306e-10	0.000409992
5.49525e-10	0.00040147
5.49744e-10	0.000393045
5.49963e-10	0.000384718
5.50182e-10	0.000376487
5.50401e-10	0.000368354
5.5062e-10	0.000360318
5.50839e-10	0.00035238
5.51058e-10	0.000344538
5.51277e-10	0.000336794
5.51496e-10	0.000329146
5.51715e-10	0.000321595
5.51935e-10	0.000314141
5.52154e-10	0.000306784
5.52373e-10	0.000299522
5.52592e-10	0.000292357
5.52811e-10	0.000285287
5.5303e-10	0.000278312
5.53249e-10	0.000271433
5.53468e-10	0.000264648
5.53687e-10	0.000257958
5.53906e-10	0.000251362
5.54125e-10	0.000244859
5.54344e-10	0.00023845
5.54563e-10	0.000232134
5.54782e-10	0.00022591
5.55001e-10	0.000219778
5.5522e-10	0.000213738
5.55439e-10	0.000207788
5.55658e-10	0.000201929
5.55877e-10	0.00019616
5.56096e-10	0.000190481
5.56315e-10	0.00018489
5.56534e-10	0.000179388
5.56753e-10	0.000173974
5.56972e-10	0.000168646
5.57191e-10	0.000163406
5.5741e-10	0.000158251
5.57629e-10	0.000153182
5.57848e-10	0.000148198
5.58067e-10	0.000143297
5.58286e-10	0.000138481
5.58505e-10	0.000133747
5.58724e-10	0.000129095
5.58943e-10	0.000124525
5.59162e-10	0.000120035
5.59381e-10	0.000115626
5.596e-10	0.000111296
5.59819e-10	0.000107046
5.60038e-10	0.000102873
5.60257e-10	9.8777e-05
5.60476e-10	9.4758e-05
5.60695e-10	9.08149e-05
5.60914e-10	8.6947e-05
5.61133e-10	8.31535e-05
5.61352e-10	7.94337e-05
5.61571e-10	7.57868e-05
5.6179e-10	7.22122e-05
5.6201e-10	6.8709e-05
5.62229e-10	6.52765e-05
5.62448e-10	6.1914e-05
5.62667e-10	5.86207e-05
5.62886e-10	5.53958e-05
5.63105e-10	5.22386e-05
5.63324e-10	4.91483e-05
5.63543e-10	4.61241e-05
5.63762e-10	4.31654e-05
5.63981e-10	4.02712e-05
5.642e-10	3.74409e-05
5.64419e-10	3.46736e-05
5.64638e-10	3.19687e-05
5.64857e-10	2.93253e-05
5.65076e-10	2.67427e-05
5.65295e-10	2.42201e-05
5.65514e-10	2.17567e-05
5.65733e-10	1.93518e-05
5.65952e-10	1.70046e-05
5.66171e-10	1.47144e-05
5.6639e-10	1.24803e-05
5.66609e-10	1.03017e-05
5.66828e-10	8.17776e-06
5.67047e-10	6.10773e-06
5.67266e-10	4.09087e-06
5.67485e-10	2.12642e-06
5.67704e-10	2.13633e-07
5.67923e-10	-1.64823e-06
5.68142e-10	-3.45991e-06
5.68361e-10	-5.22215e-06
5.6858e-10	-6.93568e-06
5.68799e-10	-8.60124e-06
5.69018e-10	-1.02195e-05
5.69237e-10	-1.17913e-05
5.69456e-10	-1.33173e-05
5.69675e-10	-1.47982e-05
5.69894e-10	-1.62347e-05
5.70113e-10	-1.76276e-05
5.70332e-10	-1.89775e-05
5.70551e-10	-2.02851e-05
5.7077e-10	-2.15512e-05
5.70989e-10	-2.27764e-05
5.71208e-10	-2.39614e-05
5.71427e-10	-2.51069e-05
5.71646e-10	-2.62136e-05
5.71865e-10	-2.7282e-05
5.72084e-10	-2.8313e-05
5.72304e-10	-2.93072e-05
5.72523e-10	-3.02651e-05
5.72742e-10	-3.11876e-05
