1.09511e-13	0
3.28532e-13	-3.0719e-05
5.47554e-13	-2.97784e-05
7.66576e-13	-2.8802e-05
9.85597e-13	-2.7789e-05
1.20462e-12	-2.67389e-05
1.42364e-12	-2.56509e-05
1.64266e-12	-2.45245e-05
1.86168e-12	-2.33588e-05
2.08071e-12	-2.21533e-05
2.29973e-12	-2.09072e-05
2.51875e-12	-1.96199e-05
2.73777e-12	-1.82907e-05
2.95679e-12	-1.69188e-05
3.17581e-12	-1.55037e-05
3.39484e-12	-1.40445e-05
3.61386e-12	-1.25406e-05
3.83288e-12	-1.09912e-05
4.0519e-12	-9.39563e-06
4.27092e-12	-7.75319e-06
4.48994e-12	-6.06312e-06
4.70897e-12	-4.32471e-06
4.92799e-12	-2.53721e-06
5.14701e-12	-6.99895e-07
5.36603e-12	1.18798e-06
5.58505e-12	3.12717e-06
5.80407e-12	5.1184e-06
6.02309e-12	7.16243e-06
6.24212e-12	9.26001e-06
6.46114e-12	1.14119e-05
6.68016e-12	1.36188e-05
6.89918e-12	1.58816e-05
7.1182e-12	1.82009e-05
7.33722e-12	2.05776e-05
7.55625e-12	2.30124e-05
7.77527e-12	2.55061e-05
7.99429e-12	2.80593e-05
8.21331e-12	3.0673e-05
8.43233e-12	3.33479e-05
8.65135e-12	3.60847e-05
8.87038e-12	3.88842e-05
9.0894e-12	4.17471e-05
9.30842e-12	4.46743e-05
9.52744e-12	4.76665e-05
9.74646e-12	5.07245e-05
9.96548e-12	5.3849e-05
1.01845e-11	5.70408e-05
1.04035e-11	6.03007e-05
1.06225e-11	6.36294e-05
1.08416e-11	6.70277e-05
1.10606e-11	7.04964e-05
1.12796e-11	7.40361e-05
1.14986e-11	7.76476e-05
1.17177e-11	8.13318e-05
1.19367e-11	8.50893e-05
1.21557e-11	8.89208e-05
1.23747e-11	9.28272e-05
1.25937e-11	9.68091e-05
1.28128e-11	0.000100867
1.30318e-11	0.000105002
1.32508e-11	0.000109215
1.34698e-11	0.000113507
1.36889e-11	0.000117877
1.39079e-11	0.000122327
1.41269e-11	0.000126858
1.43459e-11	0.00013147
1.45649e-11	0.000136164
1.4784e-11	0.00014094
1.5003e-11	0.000145799
1.5222e-11	0.000150743
1.5441e-11	0.00015577
1.566e-11	0.000160883
1.58791e-11	0.000166082
1.60981e-11	0.000171367
1.63171e-11	0.000176739
1.65361e-11	0.000182198
1.67552e-11	0.000187746
1.69742e-11	0.000193382
1.71932e-11	0.000199107
1.74122e-11	0.000204922
1.76312e-11	0.000210827
1.78503e-11	0.000216823
1.80693e-11	0.000222911
1.82883e-11	0.00022909
1.85073e-11	0.000235361
1.87263e-11	0.000241725
1.89454e-11	0.000248182
1.91644e-11	0.000254732
1.93834e-11	0.000261377
1.96024e-11	0.000268115
1.98215e-11	0.000274948
2.00405e-11	0.000281876
2.02595e-11	0.0002889
2.04785e-11	0.000296019
2.06975e-11	0.000303233
2.09166e-11	0.000310544
2.11356e-11	0.000317951
2.13546e-11	0.000325455
2.15736e-11	0.000333055
2.17927e-11	0.000340752
2.20117e-11	0.000348547
2.22307e-11	0.000356438
2.24497e-11	0.000364426
2.26687e-11	0.000372512
2.28878e-11	0.000380695
2.31068e-11	0.000388975
2.33258e-11	0.000397353
2.35448e-11	0.000405827
2.37638e-11	0.000414399
2.39829e-11	0.000423068
2.42019e-11	0.000431834
2.44209e-11	0.000440696
2.46399e-11	0.000449655
2.4859e-11	0.00045871
2.5078e-11	0.00046786
2.5297e-11	0.000477107
2.5516e-11	0.000486449
2.5735e-11	0.000495885
2.59541e-11	0.000505416
2.61731e-11	0.000515041
2.63921e-11	0.00052476
2.66111e-11	0.000534572
2.68301e-11	0.000544476
2.70492e-11	0.000554471
2.72682e-11	0.000564558
2.74872e-11	0.000574735
2.77062e-11	0.000585002
2.79253e-11	0.000595358
2.81443e-11	0.000605802
2.83633e-11	0.000616333
2.85823e-11	0.000626951
2.88013e-11	0.000637653
2.90204e-11	0.00064844
2.92394e-11	0.000659311
2.94584e-11	0.000670263
2.96774e-11	0.000681297
2.98965e-11	0.00069241
3.01155e-11	0.000703601
3.03345e-11	0.00071487
3.05535e-11	0.000726215
3.07725e-11	0.000737634
3.09916e-11	0.000749127
3.12106e-11	0.00076069
3.14296e-11	0.000772324
3.16486e-11	0.000784026
3.18676e-11	0.000795794
3.20867e-11	0.000807627
3.23057e-11	0.000819523
3.25247e-11	0.00083148
3.27437e-11	0.000843497
3.29628e-11	0.00085557
3.31818e-11	0.000867699
3.34008e-11	0.000879881
3.36198e-11	0.000892113
3.38388e-11	0.000904395
3.40579e-11	0.000916722
3.42769e-11	0.000929094
3.44959e-11	0.000941507
3.47149e-11	0.000953959
3.4934e-11	0.000966448
3.5153e-11	0.00097897
3.5372e-11	0.000991524
3.5591e-11	0.00100411
3.581e-11	0.00101671
3.60291e-11	0.00102934
3.62481e-11	0.00104199
3.64671e-11	0.00105466
3.66861e-11	0.00106734
3.69051e-11	0.00108003
3.71242e-11	0.00109272
3.73432e-11	0.00110542
3.75622e-11	0.00111812
3.77812e-11	0.00113082
3.80003e-11	0.00114351
3.82193e-11	0.00115619
3.84383e-11	0.00116885
3.86573e-11	0.0011815
3.88763e-11	0.00119412
3.90954e-11	0.00120672
3.93144e-11	0.00121928
3.95334e-11	0.00123182
3.97524e-11	0.00124431
3.99714e-11	0.00125676
4.01905e-11	0.00126916
4.04095e-11	0.00128151
4.06285e-11	0.00129381
4.08475e-11	0.00130604
4.10666e-11	0.00131821
4.12856e-11	0.00133031
4.15046e-11	0.00134233
4.17236e-11	0.00135427
4.19426e-11	0.00136612
4.21617e-11	0.00137789
4.23807e-11	0.00138955
4.25997e-11	0.00140112
4.28187e-11	0.00141258
4.30378e-11	0.00142392
4.32568e-11	0.00143515
4.34758e-11	0.00144625
4.36948e-11	0.00145723
4.39138e-11	0.00146806
4.41329e-11	0.00147876
4.43519e-11	0.00148931
4.45709e-11	0.0014997
4.47899e-11	0.00150994
4.50089e-11	0.00152
4.5228e-11	0.0015299
4.5447e-11	0.00153961
4.5666e-11	0.00154914
4.5885e-11	0.00155847
4.61041e-11	0.00156761
4.63231e-11	0.00157654
4.65421e-11	0.00158525
4.67611e-11	0.00159374
4.69801e-11	0.00160201
4.71992e-11	0.00161004
4.74182e-11	0.00161782
4.76372e-11	0.00162536
4.78562e-11	0.00163264
4.80752e-11	0.00163965
4.82943e-11	0.00164638
4.85133e-11	0.00165284
4.87323e-11	0.00165901
4.89513e-11	0.00166488
4.91704e-11	0.00167044
4.93894e-11	0.00167569
4.96084e-11	0.00168062
4.98274e-11	0.00168522
5.00464e-11	0.00168948
5.02655e-11	0.00169339
5.04845e-11	0.00169694
5.07035e-11	0.00170013
5.09225e-11	0.00170295
5.11416e-11	0.00170538
5.13606e-11	0.00170742
5.15796e-11	0.00170906
5.17986e-11	0.00171029
5.20176e-11	0.0017111
5.22367e-11	0.00171148
5.24557e-11	0.00171142
5.26747e-11	0.00171091
5.28937e-11	0.00170995
5.31127e-11	0.00170852
5.33318e-11	0.00170661
5.35508e-11	0.00170422
5.37698e-11	0.00170132
5.39888e-11	0.00169792
5.42079e-11	0.00169401
5.44269e-11	0.00168956
5.46459e-11	0.00168458
5.48649e-11	0.00167905
5.50839e-11	0.00167297
5.5303e-11	0.00166631
5.5522e-11	0.00165908
5.5741e-11	0.00165125
5.596e-11	0.00164282
5.6179e-11	0.00163379
5.63981e-11	0.00162413
5.66171e-11	0.00161384
5.68361e-11	0.0016029
5.70551e-11	0.00159131
5.72742e-11	0.00157906
5.74932e-11	0.00156613
5.77122e-11	0.00155251
5.79312e-11	0.00153819
5.81502e-11	0.00152316
5.83693e-11	0.00150741
5.85883e-11	0.00149092
5.88073e-11	0.0014737
5.90263e-11	0.00145572
5.92454e-11	0.00143697
5.94644e-11	0.00141744
5.96834e-11	0.00139712
5.99024e-11	0.001376
6.01214e-11	0.00135407
6.03405e-11	0.00133131
6.05595e-11	0.00130772
6.07785e-11	0.00128328
6.09975e-11	0.00125798
6.12165e-11	0.00123182
6.14356e-11	0.00120476
6.16546e-11	0.00117682
6.18736e-11	0.00114797
6.20926e-11	0.0011182
6.23117e-11	0.0010875
6.25307e-11	0.00105586
6.27497e-11	0.00102327
6.29687e-11	0.000989721
6.31877e-11	0.000955192
6.34068e-11	0.000919675
6.36258e-11	0.000883161
6.38448e-11	0.000845636
6.40638e-11	0.000807089
6.42828e-11	0.00076751
6.45019e-11	0.000726886
6.47209e-11	0.000685206
6.49399e-11	0.000642458
6.51589e-11	0.000598632
6.5378e-11	0.000553716
6.5597e-11	0.000507699
6.5816e-11	0.00046057
6.6035e-11	0.000412317
6.6254e-11	0.000362929
6.64731e-11	0.000312396
6.66921e-11	0.000260707
6.69111e-11	0.000207851
6.71301e-11	0.000153817
6.73492e-11	9.85945e-05
6.75682e-11	4.21728e-05
6.77872e-11	-1.54584e-05
6.80062e-11	-7.43095e-05
6.82252e-11	-0.000134391
6.84443e-11	-0.000195712
6.86633e-11	-0.000258284
6.88823e-11	-0.000322116
6.91013e-11	-0.000387218
6.93203e-11	-0.0004536
6.95394e-11	-0.000521271
6.97584e-11	-0.000590241
6.99774e-11	-0.000660519
7.01964e-11	-0.000732113
7.04155e-11	-0.000805034
7.06345e-11	-0.000879289
7.08535e-11	-0.000954887
7.10725e-11	-0.00103184
7.12915e-11	-0.00111015
7.15106e-11	-0.00118983
7.17296e-11	-0.00127088
7.19486e-11	-0.00135332
7.21676e-11	-0.00143715
7.23866e-11	-0.00152238
7.26057e-11	-0.00160901
7.28247e-11	-0.00169706
7.30437e-11	-0.00178653
7.32627e-11	-0.00187742
7.34818e-11	-0.00196975
7.37008e-11	-0.00206351
7.39198e-11	-0.00215872
7.41388e-11	-0.00225538
7.43578e-11	-0.00235349
7.45769e-11	-0.00245306
7.47959e-11	-0.0025541
7.50149e-11	-0.00265661
7.52339e-11	-0.00276059
7.5453e-11	-0.00286604
7.5672e-11	-0.00297298
7.5891e-11	-0.0030814
7.611e-11	-0.00319131
7.6329e-11	-0.00330271
7.65481e-11	-0.00341561
7.67671e-11	-0.00352999
7.69861e-11	-0.00364588
7.72051e-11	-0.00376326
7.74241e-11	-0.00388214
7.76432e-11	-0.00400252
7.78622e-11	-0.0041244
7.80812e-11	-0.00424778
7.83002e-11	-0.00437266
7.85193e-11	-0.00449904
7.87383e-11	-0.00462692
7.89573e-11	-0.00475629
7.91763e-11	-0.00488717
7.93953e-11	-0.00501953
7.96144e-11	-0.00515338
7.98334e-11	-0.00528872
8.00524e-11	-0.00542555
8.02714e-11	-0.00556385
8.04904e-11	-0.00570363
8.07095e-11	-0.00584489
8.09285e-11	-0.0059876
8.11475e-11	-0.00613178
8.13665e-11	-0.00627741
8.15856e-11	-0.00642449
8.18046e-11	-0.00657302
8.20236e-11	-0.00672297
8.22426e-11	-0.00687435
8.24616e-11	-0.00702715
8.26807e-11	-0.00718135
8.28997e-11	-0.00733695
8.31187e-11	-0.00749395
8.33377e-11	-0.00765232
8.35568e-11	-0.00781206
8.37758e-11	-0.00797315
8.39948e-11	-0.00813559
8.42138e-11	-0.00829936
8.44328e-11	-0.00846445
8.46519e-11	-0.00863084
8.48709e-11	-0.00879852
8.50899e-11	-0.00896748
8.53089e-11	-0.00913771
8.55279e-11	-0.00930917
8.5747e-11	-0.00948187
8.5966e-11	-0.00965577
8.6185e-11	-0.00983087
8.6404e-11	-0.0100071
8.66231e-11	-0.0101846
8.68421e-11	-0.0103632
8.70611e-11	-0.0105428
8.72801e-11	-0.0107236
8.74991e-11	-0.0109055
8.77182e-11	-0.0110884
8.79372e-11	-0.0112723
8.81562e-11	-0.0114573
8.83752e-11	-0.0116432
8.85942e-11	-0.0118301
8.88133e-11	-0.012018
8.90323e-11	-0.0122067
8.92513e-11	-0.0123963
8.94703e-11	-0.0125868
8.96894e-11	-0.0127781
8.99084e-11	-0.0129702
9.01274e-11	-0.0131631
9.03464e-11	-0.0133567
9.05654e-11	-0.0135511
9.07845e-11	-0.0137461
9.10035e-11	-0.0139417
9.12225e-11	-0.014138
9.14415e-11	-0.0143348
9.16606e-11	-0.0145322
9.18796e-11	-0.0147301
9.20986e-11	-0.0149285
9.23176e-11	-0.0151274
9.25366e-11	-0.0153266
9.27557e-11	-0.0155262
9.29747e-11	-0.0157261
9.31937e-11	-0.0159263
9.34127e-11	-0.0161268
9.36317e-11	-0.0163275
9.38508e-11	-0.0165283
9.40698e-11	-0.0167293
9.42888e-11	-0.0169303
9.45078e-11	-0.0171314
9.47269e-11	-0.0173325
9.49459e-11	-0.0175335
9.51649e-11	-0.0177345
9.53839e-11	-0.0179353
9.56029e-11	-0.0181359
9.5822e-11	-0.0183363
9.6041e-11	-0.0185364
9.626e-11	-0.0187361
9.6479e-11	-0.0189355
9.6698e-11	-0.0191344
9.69171e-11	-0.0193328
9.71361e-11	-0.0195307
9.73551e-11	-0.0197281
9.75741e-11	-0.0199247
9.77932e-11	-0.0201207
9.80122e-11	-0.0203159
9.82312e-11	-0.0205103
9.84502e-11	-0.0207038
9.86692e-11	-0.0208964
9.88883e-11	-0.021088
9.91073e-11	-0.0212785
9.93263e-11	-0.021468
9.95453e-11	-0.0216563
9.97644e-11	-0.0218433
9.99834e-11	-0.0220291
1.00202e-10	-0.0222135
1.00421e-10	-0.0223965
1.0064e-10	-0.022578
1.00859e-10	-0.0227579
1.01078e-10	-0.0229363
1.01298e-10	-0.023113
1.01517e-10	-0.0232879
1.01736e-10	-0.023461
1.01955e-10	-0.0236322
1.02174e-10	-0.0238015
1.02393e-10	-0.0239688
1.02612e-10	-0.0241339
1.02831e-10	-0.0242969
1.0305e-10	-0.0244577
1.03269e-10	-0.0246162
1.03488e-10	-0.0247723
1.03707e-10	-0.0249259
1.03926e-10	-0.025077
1.04145e-10	-0.0252255
1.04364e-10	-0.0253713
1.04583e-10	-0.0255143
1.04802e-10	-0.0256546
1.05021e-10	-0.0257919
1.0524e-10	-0.0259262
1.05459e-10	-0.0260575
1.05678e-10	-0.0261856
1.05897e-10	-0.0263104
1.06116e-10	-0.026432
1.06335e-10	-0.0265502
1.06554e-10	-0.0266649
1.06773e-10	-0.0267761
1.06992e-10	-0.0268836
1.07211e-10	-0.0269874
1.0743e-10	-0.0270874
1.07649e-10	-0.0271835
1.07868e-10	-0.0272757
1.08087e-10	-0.0273638
1.08306e-10	-0.0274478
1.08525e-10	-0.0275275
1.08744e-10	-0.0276029
1.08963e-10	-0.027674
1.09182e-10	-0.0277405
1.09401e-10	-0.0278025
1.0962e-10	-0.0278598
1.09839e-10	-0.0279124
1.10058e-10	-0.0279601
1.10277e-10	-0.0280029
1.10496e-10	-0.0280407
1.10715e-10	-0.0280734
1.10934e-10	-0.0281009
1.11153e-10	-0.0281231
1.11372e-10	-0.02814
1.11592e-10	-0.0281514
1.11811e-10	-0.0281572
1.1203e-10	-0.0281574
1.12249e-10	-0.0281519
1.12468e-10	-0.0281406
1.12687e-10	-0.0281233
1.12906e-10	-0.0281
1.13125e-10	-0.0280707
1.13344e-10	-0.0280351
1.13563e-10	-0.0279933
1.13782e-10	-0.0279452
1.14001e-10	-0.0278905
1.1422e-10	-0.0278293
1.14439e-10	-0.0277615
1.14658e-10	-0.027687
1.14877e-10	-0.0276056
1.15096e-10	-0.0275173
1.15315e-10	-0.027422
1.15534e-10	-0.0273196
1.15753e-10	-0.0272101
1.15972e-10	-0.0270933
1.16191e-10	-0.0269691
1.1641e-10	-0.0268374
1.16629e-10	-0.0266983
1.16848e-10	-0.0265515
1.17067e-10	-0.0263969
1.17286e-10	-0.0262346
1.17505e-10	-0.0260644
1.17724e-10	-0.0258862
1.17943e-10	-0.0257
1.18162e-10	-0.0255056
1.18381e-10	-0.0253029
1.186e-10	-0.0250919
1.18819e-10	-0.0248726
1.19038e-10	-0.0246447
1.19257e-10	-0.0244083
1.19476e-10	-0.0241632
1.19695e-10	-0.0239093
1.19914e-10	-0.0236467
1.20133e-10	-0.0233751
1.20352e-10	-0.0230946
1.20571e-10	-0.022805
1.2079e-10	-0.0225062
1.21009e-10	-0.0221982
1.21228e-10	-0.021881
1.21447e-10	-0.0215543
1.21667e-10	-0.0212182
1.21886e-10	-0.0208726
1.22105e-10	-0.0205174
1.22324e-10	-0.0201526
1.22543e-10	-0.019778
1.22762e-10	-0.0193936
1.22981e-10	-0.0189993
1.232e-10	-0.018595
1.23419e-10	-0.0181808
1.23638e-10	-0.0177564
1.23857e-10	-0.017322
1.24076e-10	-0.0168773
1.24295e-10	-0.0164223
1.24514e-10	-0.0159571
1.24733e-10	-0.0154814
1.24952e-10	-0.0149953
1.25171e-10	-0.0144987
1.2539e-10	-0.0139915
1.25609e-10	-0.0134737
1.25828e-10	-0.0129453
1.26047e-10	-0.0124061
1.26266e-10	-0.0118562
1.26485e-10	-0.0112954
1.26704e-10	-0.0107238
1.26923e-10	-0.0101413
1.27142e-10	-0.00954789
1.27361e-10	-0.00894346
1.2758e-10	-0.00832801
1.27799e-10	-0.00770149
1.28018e-10	-0.00706388
1.28237e-10	-0.00641514
1.28456e-10	-0.00575523
1.28675e-10	-0.00508413
1.28894e-10	-0.00440181
1.29113e-10	-0.00370824
1.29332e-10	-0.0030034
1.29551e-10	-0.00228727
1.2977e-10	-0.00155982
1.29989e-10	-0.000821047
1.30208e-10	-7.09236e-05
1.30427e-10	0.00069056
1.30646e-10	0.00146342
1.30865e-10	0.00224765
1.31084e-10	0.00304328
1.31303e-10	0.00385029
1.31522e-10	0.00466871
1.31742e-10	0.00549851
1.31961e-10	0.00633971
1.3218e-10	0.0071923
1.32399e-10	0.00805627
1.32618e-10	0.0089316
1.32837e-10	0.0098183
1.33056e-10	0.0107163
1.33275e-10	0.0116257
1.33494e-10	0.0125464
1.33713e-10	0.0134783
1.33932e-10	0.0144216
1.34151e-10	0.015376
1.3437e-10	0.0163417
1.34589e-10	0.0173185
1.34808e-10	0.0183064
1.35027e-10	0.0193055
1.35246e-10	0.0203156
1.35465e-10	0.0213367
1.35684e-10	0.0223687
1.35903e-10	0.0234117
1.36122e-10	0.0244656
1.36341e-10	0.0255302
1.3656e-10	0.0266056
1.36779e-10	0.0276916
1.36998e-10	0.0287883
1.37217e-10	0.0298955
1.37436e-10	0.0310132
1.37655e-10	0.0321413
1.37874e-10	0.0332798
1.38093e-10	0.0344285
1.38312e-10	0.0355873
1.38531e-10	0.0367562
1.3875e-10	0.0379351
1.38969e-10	0.0391239
1.39188e-10	0.0403225
1.39407e-10	0.0415308
1.39626e-10	0.0427487
1.39845e-10	0.0439761
1.40064e-10	0.0452129
1.40283e-10	0.046459
1.40502e-10	0.0477142
1.40721e-10	0.0489784
1.4094e-10	0.0502515
1.41159e-10	0.0515335
1.41378e-10	0.0528241
1.41597e-10	0.0541232
1.41817e-10	0.0554307
1.42036e-10	0.0567465
1.42255e-10	0.0580703
1.42474e-10	0.0594022
1.42693e-10	0.0607418
1.42912e-10	0.0620891
1.43131e-10	0.0634439
1.4335e-10	0.0648061
1.43569e-10	0.0661754
1.43788e-10	0.0675518
1.44007e-10	0.0689349
1.44226e-10	0.0703248
1.44445e-10	0.0717212
1.44664e-10	0.0731238
1.44883e-10	0.0745326
1.45102e-10	0.0759473
1.45321e-10	0.0773678
1.4554e-10	0.0787938
1.45759e-10	0.0802252
1.45978e-10	0.0816618
1.46197e-10	0.0831033
1.46416e-10	0.0845495
1.46635e-10	0.0860002
1.46854e-10	0.0874553
1.47073e-10	0.0889145
1.47292e-10	0.0903775
1.47511e-10	0.0918441
1.4773e-10	0.0933142
1.47949e-10	0.0947875
1.48168e-10	0.0962637
1.48387e-10	0.0977426
1.48606e-10	0.099224
1.48825e-10	0.100708
1.49044e-10	0.102193
1.49263e-10	0.10368
1.49482e-10	0.105169
1.49701e-10	0.106659
1.4992e-10	0.10815
1.50139e-10	0.109641
1.50358e-10	0.111133
1.50577e-10	0.112625
1.50796e-10	0.114117
1.51015e-10	0.115609
1.51234e-10	0.117099
1.51453e-10	0.118589
1.51672e-10	0.120077
1.51892e-10	0.121564
1.52111e-10	0.123049
1.5233e-10	0.124532
1.52549e-10	0.126012
1.52768e-10	0.12749
1.52987e-10	0.128964
1.53206e-10	0.130435
1.53425e-10	0.131903
1.53644e-10	0.133366
1.53863e-10	0.134825
1.54082e-10	0.136279
1.54301e-10	0.137728
1.5452e-10	0.139172
1.54739e-10	0.14061
1.54958e-10	0.142043
1.55177e-10	0.143469
1.55396e-10	0.144888
1.55615e-10	0.1463
1.55834e-10	0.147705
1.56053e-10	0.149102
1.56272e-10	0.150492
1.56491e-10	0.151872
1.5671e-10	0.153245
1.56929e-10	0.154608
1.57148e-10	0.155961
1.57367e-10	0.157305
1.57586e-10	0.158639
1.57805e-10	0.159962
1.58024e-10	0.161274
1.58243e-10	0.162575
1.58462e-10	0.163864
1.58681e-10	0.165141
1.589e-10	0.166406
1.59119e-10	0.167658
1.59338e-10	0.168898
1.59557e-10	0.170123
1.59776e-10	0.171335
1.59995e-10	0.172532
1.60214e-10	0.173715
1.60433e-10	0.174883
1.60652e-10	0.176035
1.60871e-10	0.177172
1.6109e-10	0.178292
1.61309e-10	0.179396
1.61528e-10	0.180483
1.61747e-10	0.181553
1.61966e-10	0.182605
1.62186e-10	0.183638
1.62405e-10	0.184654
1.62624e-10	0.18565
1.62843e-10	0.186627
1.63062e-10	0.187585
1.63281e-10	0.188522
1.635e-10	0.189439
1.63719e-10	0.190335
1.63938e-10	0.19121
1.64157e-10	0.192063
1.64376e-10	0.192894
1.64595e-10	0.193703
1.64814e-10	0.194489
1.65033e-10	0.195251
1.65252e-10	0.19599
1.65471e-10	0.196706
1.6569e-10	0.197396
1.65909e-10	0.198062
1.66128e-10	0.198703
1.66347e-10	0.199318
1.66566e-10	0.199907
1.66785e-10	0.20047
1.67004e-10	0.201007
1.67223e-10	0.201516
1.67442e-10	0.201997
1.67661e-10	0.202451
1.6788e-10	0.202877
1.68099e-10	0.203274
1.68318e-10	0.203641
1.68537e-10	0.20398
1.68756e-10	0.204289
1.68975e-10	0.204567
1.69194e-10	0.204816
1.69413e-10	0.205033
1.69632e-10	0.205219
1.69851e-10	0.205374
1.7007e-10	0.205496
1.70289e-10	0.205586
1.70508e-10	0.205644
1.70727e-10	0.205669
1.70946e-10	0.20566
1.71165e-10	0.205617
1.71384e-10	0.205541
1.71603e-10	0.20543
1.71822e-10	0.205284
1.72041e-10	0.205104
1.72261e-10	0.204887
1.7248e-10	0.204636
1.72699e-10	0.204348
1.72918e-10	0.204023
1.73137e-10	0.203663
1.73356e-10	0.203265
1.73575e-10	0.202829
1.73794e-10	0.202357
1.74013e-10	0.201846
1.74232e-10	0.201297
1.74451e-10	0.200709
1.7467e-10	0.200083
1.74889e-10	0.199418
1.75108e-10	0.198713
1.75327e-10	0.197969
1.75546e-10	0.197185
1.75765e-10	0.196361
1.75984e-10	0.195496
1.76203e-10	0.194591
1.76422e-10	0.193644
1.76641e-10	0.192657
1.7686e-10	0.191628
1.77079e-10	0.190558
1.77298e-10	0.189446
1.77517e-10	0.188292
1.77736e-10	0.187095
1.77955e-10	0.185856
1.78174e-10	0.184575
1.78393e-10	0.18325
1.78612e-10	0.181882
1.78831e-10	0.180472
1.7905e-10	0.179017
1.79269e-10	0.17752
1.79488e-10	0.175978
1.79707e-10	0.174393
1.79926e-10	0.172763
1.80145e-10	0.17109
1.80364e-10	0.169372
1.80583e-10	0.167609
1.80802e-10	0.165802
1.81021e-10	0.16395
1.8124e-10	0.162054
1.81459e-10	0.160113
1.81678e-10	0.158126
1.81897e-10	0.156095
1.82116e-10	0.154018
1.82336e-10	0.151896
1.82555e-10	0.149729
1.82774e-10	0.147517
1.82993e-10	0.145259
1.83212e-10	0.142956
1.83431e-10	0.140608
1.8365e-10	0.138214
1.83869e-10	0.135774
1.84088e-10	0.133289
1.84307e-10	0.130759
1.84526e-10	0.128183
1.84745e-10	0.125562
1.84964e-10	0.122896
1.85183e-10	0.120184
1.85402e-10	0.117427
1.85621e-10	0.114624
1.8584e-10	0.111777
1.86059e-10	0.108884
1.86278e-10	0.105946
1.86497e-10	0.102964
1.86716e-10	0.0999364
1.86935e-10	0.0968643
1.87154e-10	0.0937477
1.87373e-10	0.0905866
1.87592e-10	0.0873813
1.87811e-10	0.0841318
1.8803e-10	0.0808383
1.88249e-10	0.077501
1.88468e-10	0.0741201
1.88687e-10	0.0706958
1.88906e-10	0.0672281
1.89125e-10	0.0637175
1.89344e-10	0.060164
1.89563e-10	0.0565679
1.89782e-10	0.0529295
1.90001e-10	0.049249
1.9022e-10	0.0455266
1.90439e-10	0.0417626
1.90658e-10	0.0379573
1.90877e-10	0.034111
1.91096e-10	0.030224
1.91315e-10	0.0262965
1.91534e-10	0.022329
1.91753e-10	0.0183216
1.91972e-10	0.0142748
1.92191e-10	0.010189
1.92411e-10	0.00606435
1.9263e-10	0.00190137
1.92849e-10	-0.00229961
1.93068e-10	-0.00653821
1.93287e-10	-0.010814
1.93506e-10	-0.0151266
1.93725e-10	-0.0194756
1.93944e-10	-0.0238606
1.94163e-10	-0.0282811
1.94382e-10	-0.0327366
1.94601e-10	-0.0372268
1.9482e-10	-0.0417512
1.95039e-10	-0.0463092
1.95258e-10	-0.0509004
1.95477e-10	-0.0555243
1.95696e-10	-0.0601805
1.95915e-10	-0.0648682
1.96134e-10	-0.0695872
1.96353e-10	-0.0743367
1.96572e-10	-0.0791164
1.96791e-10	-0.0839255
1.9701e-10	-0.0887636
1.97229e-10	-0.0936301
1.97448e-10	-0.0985243
1.97667e-10	-0.103446
1.97886e-10	-0.108394
1.98105e-10	-0.113368
1.98324e-10	-0.118367
1.98543e-10	-0.123391
1.98762e-10	-0.12844
1.98981e-10	-0.133511
1.992e-10	-0.138606
1.99419e-10	-0.143722
1.99638e-10	-0.14886
1.99857e-10	-0.154019
2.00076e-10	-0.159198
2.00295e-10	-0.164396
2.00514e-10	-0.169613
2.00733e-10	-0.174848
2.00952e-10	-0.1801
2.01171e-10	-0.185368
2.0139e-10	-0.190652
2.01609e-10	-0.195951
2.01828e-10	-0.201265
2.02047e-10	-0.206591
2.02266e-10	-0.211931
2.02485e-10	-0.217282
2.02705e-10	-0.222644
2.02924e-10	-0.228017
2.03143e-10	-0.233399
2.03362e-10	-0.238789
2.03581e-10	-0.244188
2.038e-10	-0.249593
2.04019e-10	-0.255005
2.04238e-10	-0.260422
2.04457e-10	-0.265843
2.04676e-10	-0.271268
2.04895e-10	-0.276696
2.05114e-10	-0.282125
2.05333e-10	-0.287556
2.05552e-10	-0.292986
2.05771e-10	-0.298416
2.0599e-10	-0.303844
2.06209e-10	-0.30927
2.06428e-10	-0.314692
2.06647e-10	-0.320109
2.06866e-10	-0.325522
2.07085e-10	-0.330927
2.07304e-10	-0.336326
2.07523e-10	-0.341717
2.07742e-10	-0.347098
2.07961e-10	-0.35247
2.0818e-10	-0.357831
2.08399e-10	-0.363179
2.08618e-10	-0.368515
2.08837e-10	-0.373837
2.09056e-10	-0.379144
2.09275e-10	-0.384435
2.09494e-10	-0.38971
2.09713e-10	-0.394967
2.09932e-10	-0.400205
2.10151e-10	-0.405424
2.1037e-10	-0.410622
2.10589e-10	-0.415798
2.10808e-10	-0.420952
2.11027e-10	-0.426082
2.11246e-10	-0.431187
2.11465e-10	-0.436267
2.11684e-10	-0.44132
2.11903e-10	-0.446345
2.12122e-10	-0.451342
2.12341e-10	-0.456309
2.1256e-10	-0.461246
2.1278e-10	-0.466151
2.12999e-10	-0.471023
2.13218e-10	-0.475862
2.13437e-10	-0.480666
2.13656e-10	-0.485435
2.13875e-10	-0.490166
2.14094e-10	-0.494861
2.14313e-10	-0.499516
2.14532e-10	-0.504132
2.14751e-10	-0.508707
2.1497e-10	-0.513241
2.15189e-10	-0.517732
2.15408e-10	-0.522179
2.15627e-10	-0.526581
2.15846e-10	-0.530938
2.16065e-10	-0.535248
2.16284e-10	-0.539511
2.16503e-10	-0.543725
2.16722e-10	-0.547889
2.16941e-10	-0.552003
2.1716e-10	-0.556066
2.17379e-10	-0.560075
2.17598e-10	-0.564032
2.17817e-10	-0.567933
2.18036e-10	-0.57178
2.18255e-10	-0.57557
2.18474e-10	-0.579302
2.18693e-10	-0.582976
2.18912e-10	-0.586591
2.19131e-10	-0.590146
2.1935e-10	-0.59364
2.19569e-10	-0.597072
2.19788e-10	-0.600441
2.20007e-10	-0.603746
2.20226e-10	-0.606986
2.20445e-10	-0.61016
2.20664e-10	-0.613268
2.20883e-10	-0.616308
2.21102e-10	-0.619281
2.21321e-10	-0.622183
2.2154e-10	-0.625016
2.21759e-10	-0.627778
2.21978e-10	-0.630468
2.22197e-10	-0.633085
2.22416e-10	-0.635629
2.22635e-10	-0.638098
2.22855e-10	-0.640493
2.23074e-10	-0.642811
2.23293e-10	-0.645053
2.23512e-10	-0.647217
2.23731e-10	-0.649302
2.2395e-10	-0.651309
2.24169e-10	-0.653236
2.24388e-10	-0.655082
2.24607e-10	-0.656847
2.24826e-10	-0.65853
2.25045e-10	-0.66013
2.25264e-10	-0.661647
2.25483e-10	-0.663079
2.25702e-10	-0.664426
2.25921e-10	-0.665688
2.2614e-10	-0.666864
2.26359e-10	-0.667952
2.26578e-10	-0.668954
2.26797e-10	-0.669867
2.27016e-10	-0.670691
2.27235e-10	-0.671426
2.27454e-10	-0.672071
2.27673e-10	-0.672626
2.27892e-10	-0.673089
2.28111e-10	-0.673461
2.2833e-10	-0.67374
2.28549e-10	-0.673927
2.28768e-10	-0.674021
2.28987e-10	-0.674021
2.29206e-10	-0.673927
2.29425e-10	-0.673738
2.29644e-10	-0.673454
2.29863e-10	-0.673074
2.30082e-10	-0.672599
2.30301e-10	-0.672027
2.3052e-10	-0.671358
2.30739e-10	-0.670592
2.30958e-10	-0.669729
2.31177e-10	-0.668768
2.31396e-10	-0.667709
2.31615e-10	-0.666551
2.31834e-10	-0.665294
2.32053e-10	-0.663939
2.32272e-10	-0.662484
2.32491e-10	-0.660929
2.3271e-10	-0.659275
2.3293e-10	-0.65752
2.33149e-10	-0.655666
2.33368e-10	-0.653711
2.33587e-10	-0.651655
2.33806e-10	-0.649498
2.34025e-10	-0.647241
2.34244e-10	-0.644883
2.34463e-10	-0.642423
2.34682e-10	-0.639863
2.34901e-10	-0.637201
2.3512e-10	-0.634438
2.35339e-10	-0.631573
2.35558e-10	-0.628608
2.35777e-10	-0.62554
2.35996e-10	-0.622372
2.36215e-10	-0.619102
2.36434e-10	-0.615732
2.36653e-10	-0.61226
2.36872e-10	-0.608687
2.37091e-10	-0.605013
2.3731e-10	-0.601238
2.37529e-10	-0.597363
2.37748e-10	-0.593387
2.37967e-10	-0.589311
2.38186e-10	-0.585135
2.38405e-10	-0.580859
2.38624e-10	-0.576484
2.38843e-10	-0.572009
2.39062e-10	-0.567435
2.39281e-10	-0.562763
2.395e-10	-0.557992
2.39719e-10	-0.553123
2.39938e-10	-0.548156
2.40157e-10	-0.543092
2.40376e-10	-0.537931
2.40595e-10	-0.532673
2.40814e-10	-0.527319
2.41033e-10	-0.521869
2.41252e-10	-0.516325
2.41471e-10	-0.510685
2.4169e-10	-0.504951
2.41909e-10	-0.499124
2.42128e-10	-0.493203
2.42347e-10	-0.48719
2.42566e-10	-0.481084
2.42785e-10	-0.474887
2.43004e-10	-0.4686
2.43224e-10	-0.462222
2.43443e-10	-0.455754
2.43662e-10	-0.449198
2.43881e-10	-0.442553
2.441e-10	-0.435821
2.44319e-10	-0.429002
2.44538e-10	-0.422097
2.44757e-10	-0.415107
2.44976e-10	-0.408032
2.45195e-10	-0.400873
2.45414e-10	-0.393632
2.45633e-10	-0.386308
2.45852e-10	-0.378903
2.46071e-10	-0.371418
2.4629e-10	-0.363853
2.46509e-10	-0.356209
2.46728e-10	-0.348488
2.46947e-10	-0.34069
2.47166e-10	-0.332816
2.47385e-10	-0.324867
2.47604e-10	-0.316845
2.47823e-10	-0.308749
2.48042e-10	-0.300581
2.48261e-10	-0.292343
2.4848e-10	-0.284034
2.48699e-10	-0.275657
2.48918e-10	-0.267212
2.49137e-10	-0.2587
2.49356e-10	-0.250123
2.49575e-10	-0.241482
2.49794e-10	-0.232777
2.50013e-10	-0.224009
2.50232e-10	-0.215181
2.50451e-10	-0.206293
2.5067e-10	-0.197347
2.50889e-10	-0.188342
2.51108e-10	-0.179282
2.51327e-10	-0.170167
2.51546e-10	-0.160998
2.51765e-10	-0.151776
2.51984e-10	-0.142503
2.52203e-10	-0.13318
2.52422e-10	-0.123808
2.52641e-10	-0.114389
2.5286e-10	-0.104924
2.53079e-10	-0.0954147
2.53299e-10	-0.0858615
2.53518e-10	-0.0762663
2.53737e-10	-0.0666304
2.53956e-10	-0.0569551
2.54175e-10	-0.047242
2.54394e-10	-0.0374923
2.54613e-10	-0.0277075
2.54832e-10	-0.0178889
2.55051e-10	-0.00803807
2.5527e-10	0.00184364
2.55489e-10	0.0117548
2.55708e-10	0.0216939
2.55927e-10	0.0316595
2.56146e-10	0.0416502
2.56365e-10	0.0516645
2.56584e-10	0.0617008
2.56803e-10	0.0717578
2.57022e-10	0.0818339
2.57241e-10	0.0919275
2.5746e-10	0.102037
2.57679e-10	0.112162
2.57898e-10	0.122299
2.58117e-10	0.132448
2.58336e-10	0.142607
2.58555e-10	0.152774
2.58774e-10	0.162948
2.58993e-10	0.173128
2.59212e-10	0.183311
2.59431e-10	0.193496
2.5965e-10	0.203682
2.59869e-10	0.213868
2.60088e-10	0.22405
2.60307e-10	0.234229
2.60526e-10	0.244402
2.60745e-10	0.254568
2.60964e-10	0.264725
2.61183e-10	0.274872
2.61402e-10	0.285006
2.61621e-10	0.295127
2.6184e-10	0.305233
2.62059e-10	0.315323
2.62278e-10	0.325394
2.62497e-10	0.335445
2.62716e-10	0.345474
2.62935e-10	0.355481
2.63154e-10	0.365462
2.63374e-10	0.375418
2.63593e-10	0.385345
2.63812e-10	0.395244
2.64031e-10	0.405111
2.6425e-10	0.414946
2.64469e-10	0.424746
2.64688e-10	0.434511
2.64907e-10	0.444238
2.65126e-10	0.453927
2.65345e-10	0.463575
2.65564e-10	0.473181
2.65783e-10	0.482744
2.66002e-10	0.492261
2.66221e-10	0.501732
2.6644e-10	0.511155
2.66659e-10	0.520528
2.66878e-10	0.529849
2.67097e-10	0.539118
2.67316e-10	0.548333
2.67535e-10	0.557492
2.67754e-10	0.566593
2.67973e-10	0.575636
2.68192e-10	0.584619
2.68411e-10	0.59354
2.6863e-10	0.602397
2.68849e-10	0.61119
2.69068e-10	0.619917
2.69287e-10	0.628577
2.69506e-10	0.637167
2.69725e-10	0.645687
2.69944e-10	0.654135
2.70163e-10	0.66251
2.70382e-10	0.67081
2.70601e-10	0.679035
2.7082e-10	0.687182
2.71039e-10	0.69525
2.71258e-10	0.703238
2.71477e-10	0.711145
2.71696e-10	0.718969
2.71915e-10	0.726709
2.72134e-10	0.734364
2.72353e-10	0.741932
2.72572e-10	0.749413
2.72791e-10	0.756804
2.7301e-10	0.764105
2.73229e-10	0.771314
2.73449e-10	0.778431
2.73668e-10	0.785453
2.73887e-10	0.792381
2.74106e-10	0.799212
2.74325e-10	0.805945
2.74544e-10	0.81258
2.74763e-10	0.819115
2.74982e-10	0.82555
2.75201e-10	0.831882
2.7542e-10	0.838111
2.75639e-10	0.844236
2.75858e-10	0.850257
2.76077e-10	0.856171
2.76296e-10	0.861978
2.76515e-10	0.867676
2.76734e-10	0.873266
2.76953e-10	0.878746
2.77172e-10	0.884114
2.77391e-10	0.889371
2.7761e-10	0.894515
2.77829e-10	0.899545
2.78048e-10	0.904461
2.78267e-10	0.909262
2.78486e-10	0.913946
2.78705e-10	0.918513
2.78924e-10	0.922963
2.79143e-10	0.927294
2.79362e-10	0.931506
2.79581e-10	0.935598
2.798e-10	0.939569
2.80019e-10	0.943419
2.80238e-10	0.947147
2.80457e-10	0.950752
2.80676e-10	0.954234
2.80895e-10	0.957592
2.81114e-10	0.960825
2.81333e-10	0.963934
2.81552e-10	0.966917
2.81771e-10	0.969774
2.8199e-10	0.972505
2.82209e-10	0.975108
2.82428e-10	0.977584
2.82647e-10	0.979933
2.82866e-10	0.982153
2.83085e-10	0.984244
2.83304e-10	0.986206
2.83524e-10	0.988039
2.83743e-10	0.989743
2.83962e-10	0.991316
2.84181e-10	0.992759
2.844e-10	0.994072
2.84619e-10	0.995254
2.84838e-10	0.996305
2.85057e-10	0.997224
2.85276e-10	0.998013
2.85495e-10	0.99867
2.85714e-10	0.999196
2.85933e-10	0.999591
2.86152e-10	0.999853
2.86371e-10	0.999984
2.8659e-10	0.999983
2.86809e-10	0.999851
2.87028e-10	0.999586
2.87247e-10	0.99919
2.87466e-10	0.998663
2.87685e-10	0.998004
2.87904e-10	0.997214
2.88123e-10	0.996292
2.88342e-10	0.995239
2.88561e-10	0.994056
2.8878e-10	0.992741
2.88999e-10	0.991297
2.89218e-10	0.989722
2.89437e-10	0.988017
2.89656e-10	0.986182
2.89875e-10	0.984218
2.90094e-10	0.982125
2.90313e-10	0.979904
2.90532e-10	0.977554
2.90751e-10	0.975076
2.9097e-10	0.972471
2.91189e-10	0.969739
2.91408e-10	0.96688
2.91627e-10	0.963895
2.91846e-10	0.960785
2.92065e-10	0.95755
2.92284e-10	0.95419
2.92503e-10	0.950707
2.92722e-10	0.9471
2.92941e-10	0.943371
2.9316e-10	0.939519
2.93379e-10	0.935546
2.93598e-10	0.931453
2.93818e-10	0.92724
2.94037e-10	0.922907
2.94256e-10	0.918456
2.94475e-10	0.913887
2.94694e-10	0.909201
2.94913e-10	0.904399
2.95132e-10	0.899482
2.95351e-10	0.89445
2.9557e-10	0.889305
2.95789e-10	0.884047
2.96008e-10	0.878677
2.96227e-10	0.873195
2.96446e-10	0.867604
2.96665e-10	0.861904
2.96884e-10	0.856096
2.97103e-10	0.850181
2.97322e-10	0.844159
2.97541e-10	0.838033
2.9776e-10	0.831802
2.97979e-10	0.825468
2.98198e-10	0.819033
2.98417e-10	0.812496
2.98636e-10	0.80586
2.98855e-10	0.799125
2.99074e-10	0.792293
2.99293e-10	0.785365
2.99512e-10	0.778341
2.99731e-10	0.771223
2.9995e-10	0.764013
3.00169e-10	0.756711
3.00388e-10	0.749318
3.00607e-10	0.741837
3.00826e-10	0.734267
3.01045e-10	0.726611
3.01264e-10	0.71887
3.01483e-10	0.711045
3.01702e-10	0.703137
3.01921e-10	0.695148
3.0214e-10	0.687078
3.02359e-10	0.678931
3.02578e-10	0.670705
3.02797e-10	0.662404
3.03016e-10	0.654028
3.03235e-10	0.645579
3.03454e-10	0.637058
3.03673e-10	0.628467
3.03893e-10	0.619807
3.04112e-10	0.611079
3.04331e-10	0.602285
3.0455e-10	0.593426
3.04769e-10	0.584505
3.04988e-10	0.575521
3.05207e-10	0.566478
3.05426e-10	0.557375
3.05645e-10	0.548216
3.05864e-10	0.539
3.06083e-10	0.529731
3.06302e-10	0.520408
3.06521e-10	0.511035
3.0674e-10	0.501612
3.06959e-10	0.49214
3.07178e-10	0.482622
3.07397e-10	0.473059
3.07616e-10	0.463452
3.07835e-10	0.453804
3.08054e-10	0.444115
3.08273e-10	0.434387
3.08492e-10	0.424621
3.08711e-10	0.414821
3.0893e-10	0.404985
3.09149e-10	0.395118
3.09368e-10	0.385219
3.09587e-10	0.375291
3.09806e-10	0.365335
3.10025e-10	0.355353
3.10244e-10	0.345347
3.10463e-10	0.335317
3.10682e-10	0.325265
3.10901e-10	0.315194
3.1112e-10	0.305105
3.11339e-10	0.294999
3.11558e-10	0.284877
3.11777e-10	0.274742
3.11996e-10	0.264596
3.12215e-10	0.254438
3.12434e-10	0.244273
3.12653e-10	0.234099
3.12872e-10	0.223921
3.13091e-10	0.213738
3.1331e-10	0.203553
3.13529e-10	0.193367
3.13748e-10	0.183181
3.13968e-10	0.172998
3.14187e-10	0.162818
3.14406e-10	0.152644
3.14625e-10	0.142477
3.14844e-10	0.132318
3.15063e-10	0.12217
3.15282e-10	0.112032
3.15501e-10	0.101908
3.1572e-10	0.0917988
3.15939e-10	0.0817054
3.16158e-10	0.0716296
3.16377e-10	0.0615729
3.16596e-10	0.0515368
3.16815e-10	0.0415228
3.17034e-10	0.0315324
3.17253e-10	0.0215671
3.17472e-10	0.0116284
3.17691e-10	0.00171757
3.1791e-10	-0.00816376
3.18129e-10	-0.0180142
3.18348e-10	-0.0278323
3.18567e-10	-0.0376167
3.18786e-10	-0.047366
3.19005e-10	-0.0570786
3.19224e-10	-0.0667534
3.19443e-10	-0.0763888
3.19662e-10	-0.0859835
3.19881e-10	-0.0955361
3.201e-10	-0.105045
3.20319e-10	-0.11451
3.20538e-10	-0.123928
3.20757e-10	-0.133299
3.20976e-10	-0.142621
3.21195e-10	-0.151894
3.21414e-10	-0.161115
3.21633e-10	-0.170283
3.21852e-10	-0.179398
3.22071e-10	-0.188458
3.2229e-10	-0.197461
3.22509e-10	-0.206407
3.22728e-10	-0.215294
3.22947e-10	-0.224121
3.23166e-10	-0.232888
3.23385e-10	-0.241592
3.23604e-10	-0.250233
3.23823e-10	-0.258809
3.24043e-10	-0.26732
3.24262e-10	-0.275764
3.24481e-10	-0.284141
3.247e-10	-0.292448
3.24919e-10	-0.300686
3.25138e-10	-0.308852
3.25357e-10	-0.316947
3.25576e-10	-0.324969
3.25795e-10	-0.332917
3.26014e-10	-0.34079
3.26233e-10	-0.348587
3.26452e-10	-0.356307
3.26671e-10	-0.36395
3.2689e-10	-0.371514
3.27109e-10	-0.378998
3.27328e-10	-0.386402
3.27547e-10	-0.393725
3.27766e-10	-0.400965
3.27985e-10	-0.408123
3.28204e-10	-0.415196
3.28423e-10	-0.422186
3.28642e-10	-0.429089
3.28861e-10	-0.435907
3.2908e-10	-0.442638
3.29299e-10	-0.449282
3.29518e-10	-0.455837
3.29737e-10	-0.462304
3.29956e-10	-0.46868
3.30175e-10	-0.474967
3.30394e-10	-0.481163
3.30613e-10	-0.487267
3.30832e-10	-0.493279
3.31051e-10	-0.499198
3.3127e-10	-0.505025
3.31489e-10	-0.510757
3.31708e-10	-0.516396
3.31927e-10	-0.521939
3.32146e-10	-0.527388
3.32365e-10	-0.53274
3.32584e-10	-0.537997
3.32803e-10	-0.543157
3.33022e-10	-0.54822
3.33241e-10	-0.553185
3.3346e-10	-0.558053
3.33679e-10	-0.562823
3.33898e-10	-0.567494
3.34117e-10	-0.572067
3.34337e-10	-0.57654
3.34556e-10	-0.580915
3.34775e-10	-0.585189
3.34994e-10	-0.589364
3.35213e-10	-0.593439
3.35432e-10	-0.597413
3.35651e-10	-0.601287
3.3587e-10	-0.60506
3.36089e-10	-0.608733
3.36308e-10	-0.612305
3.36527e-10	-0.615775
3.36746e-10	-0.619145
3.36965e-10	-0.622413
3.37184e-10	-0.62558
3.37403e-10	-0.628646
3.37622e-10	-0.631611
3.37841e-10	-0.634474
3.3806e-10	-0.637235
3.38279e-10	-0.639896
3.38498e-10	-0.642455
3.38717e-10	-0.644913
3.38936e-10	-0.647271
3.39155e-10	-0.649527
3.39374e-10	-0.651682
3.39593e-10	-0.653736
3.39812e-10	-0.65569
3.40031e-10	-0.657543
3.4025e-10	-0.659297
3.40469e-10	-0.66095
3.40688e-10	-0.662503
3.40907e-10	-0.663957
3.41126e-10	-0.665311
3.41345e-10	-0.666566
3.41564e-10	-0.667723
3.41783e-10	-0.668781
3.42002e-10	-0.669741
3.42221e-10	-0.670603
3.4244e-10	-0.671367
3.42659e-10	-0.672035
3.42878e-10	-0.672605
3.43097e-10	-0.67308
3.43316e-10	-0.673458
3.43535e-10	-0.673741
3.43754e-10	-0.673928
3.43973e-10	-0.674021
3.44192e-10	-0.67402
3.44412e-10	-0.673925
3.44631e-10	-0.673737
3.4485e-10	-0.673457
3.45069e-10	-0.673084
3.45288e-10	-0.672619
3.45507e-10	-0.672063
3.45726e-10	-0.671417
3.45945e-10	-0.670681
3.46164e-10	-0.669856
3.46383e-10	-0.668941
3.46602e-10	-0.667939
3.46821e-10	-0.666849
3.4704e-10	-0.665673
3.47259e-10	-0.66441
3.47478e-10	-0.663061
3.47697e-10	-0.661628
3.47916e-10	-0.66011
3.48135e-10	-0.658509
3.48354e-10	-0.656825
3.48573e-10	-0.655059
3.48792e-10	-0.653212
3.49011e-10	-0.651284
3.4923e-10	-0.649276
3.49449e-10	-0.64719
3.49668e-10	-0.645025
3.49887e-10	-0.642782
3.50106e-10	-0.640463
3.50325e-10	-0.638067
3.50544e-10	-0.635597
3.50763e-10	-0.633052
3.50982e-10	-0.630434
3.51201e-10	-0.627743
3.5142e-10	-0.62498
3.51639e-10	-0.622147
3.51858e-10	-0.619243
3.52077e-10	-0.61627
3.52296e-10	-0.613229
3.52515e-10	-0.61012
3.52734e-10	-0.606945
3.52953e-10	-0.603704
3.53172e-10	-0.600398
3.53391e-10	-0.597029
3.5361e-10	-0.593596
3.53829e-10	-0.590101
3.54048e-10	-0.586546
3.54267e-10	-0.58293
3.54487e-10	-0.579255
3.54706e-10	-0.575522
3.54925e-10	-0.571731
3.55144e-10	-0.567884
3.55363e-10	-0.563981
3.55582e-10	-0.560025
3.55801e-10	-0.556014
3.5602e-10	-0.551951
3.56239e-10	-0.547837
3.56458e-10	-0.543672
3.56677e-10	-0.539457
3.56896e-10	-0.535194
3.57115e-10	-0.530883
3.57334e-10	-0.526525
3.57553e-10	-0.522122
3.57772e-10	-0.517675
3.57991e-10	-0.513183
3.5821e-10	-0.508649
3.58429e-10	-0.504073
3.58648e-10	-0.499457
3.58867e-10	-0.494801
3.59086e-10	-0.490106
3.59305e-10	-0.485374
3.59524e-10	-0.480605
3.59743e-10	-0.475801
3.59962e-10	-0.470961
3.60181e-10	-0.466089
3.604e-10	-0.461183
3.60619e-10	-0.456246
3.60838e-10	-0.451279
3.61057e-10	-0.446281
3.61276e-10	-0.441255
3.61495e-10	-0.436202
3.61714e-10	-0.431122
3.61933e-10	-0.426016
3.62152e-10	-0.420886
3.62371e-10	-0.415732
3.6259e-10	-0.410556
3.62809e-10	-0.405357
3.63028e-10	-0.400139
3.63247e-10	-0.3949
3.63466e-10	-0.389643
3.63685e-10	-0.384368
3.63904e-10	-0.379077
3.64123e-10	-0.373769
3.64342e-10	-0.368447
3.64562e-10	-0.363111
3.64781e-10	-0.357762
3.65e-10	-0.352402
3.65219e-10	-0.34703
3.65438e-10	-0.341648
3.65657e-10	-0.336258
3.65876e-10	-0.330859
3.66095e-10	-0.325453
3.66314e-10	-0.32004
3.66533e-10	-0.314623
3.66752e-10	-0.309201
3.66971e-10	-0.303775
3.6719e-10	-0.298347
3.67409e-10	-0.292917
3.67628e-10	-0.287487
3.67847e-10	-0.282056
3.68066e-10	-0.276627
3.68285e-10	-0.271199
3.68504e-10	-0.265774
3.68723e-10	-0.260353
3.68942e-10	-0.254936
3.69161e-10	-0.249524
3.6938e-10	-0.244119
3.69599e-10	-0.238721
3.69818e-10	-0.23333
3.70037e-10	-0.227948
3.70256e-10	-0.222576
3.70475e-10	-0.217214
3.70694e-10	-0.211863
3.70913e-10	-0.206523
3.71132e-10	-0.201197
3.71351e-10	-0.195884
3.7157e-10	-0.190585
3.71789e-10	-0.185301
3.72008e-10	-0.180033
3.72227e-10	-0.174781
3.72446e-10	-0.169546
3.72665e-10	-0.16433
3.72884e-10	-0.159132
3.73103e-10	-0.153953
3.73322e-10	-0.148795
3.73541e-10	-0.143657
3.7376e-10	-0.138541
3.73979e-10	-0.133447
3.74198e-10	-0.128375
3.74417e-10	-0.123327
3.74636e-10	-0.118303
3.74856e-10	-0.113304
3.75075e-10	-0.108331
3.75294e-10	-0.103383
3.75513e-10	-0.0984618
3.75732e-10	-0.0935679
3.75951e-10	-0.0887018
3.7617e-10	-0.0838641
3.76389e-10	-0.0790553
3.76608e-10	-0.0742761
3.76827e-10	-0.0695269
3.77046e-10	-0.0648083
3.77265e-10	-0.0601209
3.77484e-10	-0.0554652
3.77703e-10	-0.0508417
3.77922e-10	-0.0462509
3.78141e-10	-0.0416933
3.7836e-10	-0.0371694
3.78579e-10	-0.0326797
3.78798e-10	-0.0282245
3.79017e-10	-0.0238045
3.79236e-10	-0.01942
3.79455e-10	-0.0150714
3.79674e-10	-0.0107593
3.79893e-10	-0.00648398
3.80112e-10	-0.00224586
3.80331e-10	0.00195464
3.8055e-10	0.00611714
3.80769e-10	0.0102413
3.80988e-10	0.0143266
3.81207e-10	0.0183729
3.81426e-10	0.0223798
3.81645e-10	0.0263468
3.81864e-10	0.0302738
3.82083e-10	0.0341603
3.82302e-10	0.0380061
3.82521e-10	0.0418108
3.8274e-10	0.0455743
3.82959e-10	0.0492961
3.83178e-10	0.0529761
3.83397e-10	0.056614
3.83616e-10	0.0602096
3.83835e-10	0.0637625
3.84054e-10	0.0672726
3.84273e-10	0.0707397
3.84492e-10	0.0741635
3.84711e-10	0.0775438
3.84931e-10	0.0808806
3.8515e-10	0.0841735
3.85369e-10	0.0874224
3.85588e-10	0.0906272
3.85807e-10	0.0937877
3.86026e-10	0.0969037
3.86245e-10	0.0999752
3.86464e-10	0.103002
3.86683e-10	0.105984
3.86902e-10	0.108921
3.87121e-10	0.111813
3.8734e-10	0.11466
3.87559e-10	0.117462
3.87778e-10	0.120219
3.87997e-10	0.12293
3.88216e-10	0.125596
3.88435e-10	0.128216
3.88654e-10	0.130792
3.88873e-10	0.133321
3.89092e-10	0.135806
3.89311e-10	0.138244
3.8953e-10	0.140638
3.89749e-10	0.142986
3.89968e-10	0.145288
3.90187e-10	0.147546
3.90406e-10	0.149757
3.90625e-10	0.151924
3.90844e-10	0.154045
3.91063e-10	0.156121
3.91282e-10	0.158152
3.91501e-10	0.160138
3.9172e-10	0.162078
3.91939e-10	0.163974
3.92158e-10	0.165825
3.92377e-10	0.167632
3.92596e-10	0.169394
3.92815e-10	0.171111
3.93034e-10	0.172784
3.93253e-10	0.174413
3.93472e-10	0.175998
3.93691e-10	0.177539
3.9391e-10	0.179036
3.94129e-10	0.18049
3.94348e-10	0.1819
3.94567e-10	0.183267
3.94786e-10	0.184591
3.95006e-10	0.185872
3.95225e-10	0.187111
3.95444e-10	0.188307
3.95663e-10	0.18946
3.95882e-10	0.190572
3.96101e-10	0.191642
3.9632e-10	0.19267
3.96539e-10	0.193657
3.96758e-10	0.194602
3.96977e-10	0.195507
3.97196e-10	0.196371
3.97415e-10	0.197195
3.97634e-10	0.197979
3.97853e-10	0.198723
3.98072e-10	0.199427
3.98291e-10	0.200091
3.9851e-10	0.200717
3.98729e-10	0.201304
3.98948e-10	0.201853
3.99167e-10	0.202363
3.99386e-10	0.202835
3.99605e-10	0.20327
3.99824e-10	0.203667
4.00043e-10	0.204028
4.00262e-10	0.204352
4.00481e-10	0.204639
4.007e-10	0.20489
4.00919e-10	0.205106
4.01138e-10	0.205286
4.01357e-10	0.205432
4.01576e-10	0.205542
4.01795e-10	0.205618
4.02014e-10	0.20566
4.02233e-10	0.205668
4.02452e-10	0.205643
4.02671e-10	0.205585
4.0289e-10	0.205495
4.03109e-10	0.205372
4.03328e-10	0.205217
4.03547e-10	0.20503
4.03766e-10	0.204813
4.03985e-10	0.204564
4.04204e-10	0.204285
4.04423e-10	0.203976
4.04642e-10	0.203637
4.04861e-10	0.203269
4.05081e-10	0.202871
4.053e-10	0.202445
4.05519e-10	0.201991
4.05738e-10	0.201509
4.05957e-10	0.201
4.06176e-10	0.200463
4.06395e-10	0.1999
4.06614e-10	0.19931
4.06833e-10	0.198695
4.07052e-10	0.198054
4.07271e-10	0.197388
4.0749e-10	0.196697
4.07709e-10	0.195981
4.07928e-10	0.195242
4.08147e-10	0.194479
4.08366e-10	0.193693
4.08585e-10	0.192884
4.08804e-10	0.192052
4.09023e-10	0.191199
4.09242e-10	0.190324
4.09461e-10	0.189427
4.0968e-10	0.18851
4.09899e-10	0.187573
4.10118e-10	0.186615
4.10337e-10	0.185638
4.10556e-10	0.184641
4.10775e-10	0.183625
4.10994e-10	0.182591
4.11213e-10	0.181539
4.11432e-10	0.180469
4.11651e-10	0.179382
4.1187e-10	0.178278
4.12089e-10	0.177157
4.12308e-10	0.176021
4.12527e-10	0.174868
4.12746e-10	0.1737
4.12965e-10	0.172517
4.13184e-10	0.171319
4.13403e-10	0.170108
4.13622e-10	0.168882
4.13841e-10	0.167643
4.1406e-10	0.16639
4.14279e-10	0.165125
4.14498e-10	0.163848
4.14717e-10	0.162558
4.14936e-10	0.161257
4.15156e-10	0.159945
4.15375e-10	0.158622
4.15594e-10	0.157288
4.15813e-10	0.155944
4.16032e-10	0.15459
4.16251e-10	0.153227
4.1647e-10	0.151855
4.16689e-10	0.150474
4.16908e-10	0.149085
4.17127e-10	0.147687
4.17346e-10	0.146282
4.17565e-10	0.14487
4.17784e-10	0.14345
4.18003e-10	0.142024
4.18222e-10	0.140592
4.18441e-10	0.139154
4.1866e-10	0.13771
4.18879e-10	0.13626
4.19098e-10	0.134806
4.19317e-10	0.133347
4.19536e-10	0.131884
4.19755e-10	0.130416
4.19974e-10	0.128945
4.20193e-10	0.127471
4.20412e-10	0.125993
4.20631e-10	0.124513
4.2085e-10	0.12303
4.21069e-10	0.121545
4.21288e-10	0.120058
4.21507e-10	0.11857
4.21726e-10	0.11708
4.21945e-10	0.11559
4.22164e-10	0.114098
4.22383e-10	0.112606
4.22602e-10	0.111114
4.22821e-10	0.109622
4.2304e-10	0.108131
4.23259e-10	0.10664
4.23478e-10	0.10515
4.23697e-10	0.103661
4.23916e-10	0.102174
4.24135e-10	0.100689
4.24354e-10	0.0992051
4.24573e-10	0.0977238
4.24792e-10	0.0962449
4.25011e-10	0.0947687
4.2523e-10	0.0932955
4.2545e-10	0.0918254
4.25669e-10	0.0903588
4.25888e-10	0.0888958
4.26107e-10	0.0874367
4.26326e-10	0.0859817
4.26545e-10	0.084531
4.26764e-10	0.0830849
4.26983e-10	0.0816434
4.27202e-10	0.080207
4.27421e-10	0.0787757
4.2764e-10	0.0773497
4.27859e-10	0.0759293
4.28078e-10	0.0745146
4.28297e-10	0.0731059
4.28516e-10	0.0717033
4.28735e-10	0.0703071
4.28954e-10	0.0689173
4.29173e-10	0.0675342
4.29392e-10	0.0661579
4.29611e-10	0.0647887
4.2983e-10	0.0634266
4.30049e-10	0.0620719
4.30268e-10	0.0607247
4.30487e-10	0.0593852
4.30706e-10	0.0580534
4.30925e-10	0.0567296
4.31144e-10	0.055414
4.31363e-10	0.0541066
4.31582e-10	0.0528076
4.31801e-10	0.0515171
4.3202e-10	0.0502353
4.32239e-10	0.0489622
4.32458e-10	0.0476981
4.32677e-10	0.046443
4.32896e-10	0.0451971
4.33115e-10	0.0439604
4.33334e-10	0.0427332
4.33553e-10	0.0415154
4.33772e-10	0.0403072
4.33991e-10	0.0391087
4.3421e-10	0.0379201
4.34429e-10	0.0367413
4.34648e-10	0.0355725
4.34867e-10	0.0344138
4.35086e-10	0.0332652
4.35305e-10	0.0321269
4.35525e-10	0.0309989
4.35744e-10	0.0298814
4.35963e-10	0.0287743
4.36182e-10	0.0276777
4.36401e-10	0.0265918
4.3662e-10	0.0255166
4.36839e-10	0.0244521
4.37058e-10	0.0233984
4.37277e-10	0.0223555
4.37496e-10	0.0213236
4.37715e-10	0.0203026
4.37934e-10	0.0192927
4.38153e-10	0.0182938
4.38372e-10	0.017306
4.38591e-10	0.0163293
4.3881e-10	0.0153638
4.39029e-10	0.0144095
4.39248e-10	0.0134664
4.39467e-10	0.0125346
4.39686e-10	0.0116141
4.39905e-10	0.0107048
4.40124e-10	0.00980693
4.40343e-10	0.00892038
4.40562e-10	0.00804519
4.40781e-10	0.00718137
4.41e-10	0.00632892
4.41219e-10	0.00548787
4.41438e-10	0.00465821
4.41657e-10	0.00383994
4.41876e-10	0.00303307
4.42095e-10	0.00223759
4.42314e-10	0.0014535
4.42533e-10	0.000680788
4.42752e-10	-8.05507e-05
4.42971e-10	-0.00083053
4.4319e-10	-0.00156916
4.43409e-10	-0.00229646
4.43628e-10	-0.00301245
4.43847e-10	-0.00371715
4.44066e-10	-0.00441057
4.44285e-10	-0.00509275
4.44504e-10	-0.00576371
4.44723e-10	-0.00642347
4.44942e-10	-0.00707207
4.45161e-10	-0.00770954
4.4538e-10	-0.00833592
4.456e-10	-0.00895123
4.45819e-10	-0.00955552
4.46038e-10	-0.0101488
4.46257e-10	-0.0107312
4.46476e-10	-0.0113026
4.46695e-10	-0.0118632
4.46914e-10	-0.012413
4.47133e-10	-0.0129521
4.47352e-10	-0.0134804
4.47571e-10	-0.013998
4.4779e-10	-0.0145051
4.48009e-10	-0.0150015
4.48228e-10	-0.0154875
4.48447e-10	-0.0159631
4.48666e-10	-0.0164282
4.48885e-10	-0.016883
4.49104e-10	-0.0173276
4.49323e-10	-0.0177619
4.49542e-10	-0.0181861
4.49761e-10	-0.0186002
4.4998e-10	-0.0190043
4.50199e-10	-0.0193985
4.50418e-10	-0.0197828
4.50637e-10	-0.0201573
4.50856e-10	-0.020522
4.51075e-10	-0.0208771
4.51294e-10	-0.0212226
4.51513e-10	-0.0215586
4.51732e-10	-0.0218851
4.51951e-10	-0.0222022
4.5217e-10	-0.0225101
4.52389e-10	-0.0228087
4.52608e-10	-0.0230982
4.52827e-10	-0.0233786
4.53046e-10	-0.0236501
4.53265e-10	-0.0239126
4.53484e-10	-0.0241663
4.53703e-10	-0.0244113
4.53922e-10	-0.0246477
4.54141e-10	-0.0248754
4.5436e-10	-0.0250947
4.54579e-10	-0.0253055
4.54798e-10	-0.0255081
4.55017e-10	-0.0257024
4.55236e-10	-0.0258885
4.55455e-10	-0.0260666
4.55675e-10	-0.0262367
4.55894e-10	-0.026399
4.56113e-10	-0.0265534
4.56332e-10	-0.0267001
4.56551e-10	-0.0268392
4.5677e-10	-0.0269707
4.56989e-10	-0.0270948
4.57208e-10	-0.0272115
4.57427e-10	-0.027321
4.57646e-10	-0.0274233
4.57865e-10	-0.0275185
4.58084e-10	-0.0276067
4.58303e-10	-0.0276879
4.58522e-10	-0.0277624
4.58741e-10	-0.0278302
4.5896e-10	-0.0278913
4.59179e-10	-0.0279458
4.59398e-10	-0.0279939
4.59617e-10	-0.0280356
4.59836e-10	-0.0280711
4.60055e-10	-0.0281004
4.60274e-10	-0.0281236
4.60493e-10	-0.0281407
4.60712e-10	-0.028152
4.60931e-10	-0.0281575
4.6115e-10	-0.0281572
4.61369e-10	-0.0281513
4.61588e-10	-0.0281398
4.61807e-10	-0.0281229
4.62026e-10	-0.0281006
4.62245e-10	-0.028073
4.62464e-10	-0.0280403
4.62683e-10	-0.0280024
4.62902e-10	-0.0279595
4.63121e-10	-0.0279117
4.6334e-10	-0.0278591
4.63559e-10	-0.0278017
4.63778e-10	-0.0277397
4.63997e-10	-0.0276731
4.64216e-10	-0.027602
4.64435e-10	-0.0275265
4.64654e-10	-0.0274467
4.64873e-10	-0.0273627
4.65092e-10	-0.0272746
4.65311e-10	-0.0271823
4.6553e-10	-0.0270862
4.65749e-10	-0.0269861
4.65969e-10	-0.0268823
4.66188e-10	-0.0267747
4.66407e-10	-0.0266635
4.66626e-10	-0.0265487
4.66845e-10	-0.0264305
4.67064e-10	-0.0263089
4.67283e-10	-0.0261839
4.67502e-10	-0.0260558
4.67721e-10	-0.0259245
4.6794e-10	-0.0257901
4.68159e-10	-0.0256528
4.68378e-10	-0.0255125
4.68597e-10	-0.0253694
4.68816e-10	-0.0252236
4.69035e-10	-0.0250751
4.69254e-10	-0.0249239
4.69473e-10	-0.0247703
4.69692e-10	-0.0246142
4.69911e-10	-0.0244557
4.7013e-10	-0.0242949
4.70349e-10	-0.0241318
4.70568e-10	-0.0239667
4.70787e-10	-0.0237994
4.71006e-10	-0.0236301
4.71225e-10	-0.0234588
4.71444e-10	-0.0232857
4.71663e-10	-0.0231107
4.71882e-10	-0.022934
4.72101e-10	-0.0227557
4.7232e-10	-0.0225757
4.72539e-10	-0.0223941
4.72758e-10	-0.0222111
4.72977e-10	-0.0220267
4.73196e-10	-0.0218409
4.73415e-10	-0.0216539
4.73634e-10	-0.0214656
4.73853e-10	-0.0212761
4.74072e-10	-0.0210855
4.74291e-10	-0.0208939
4.7451e-10	-0.0207013
4.74729e-10	-0.0205078
4.74948e-10	-0.0203134
4.75167e-10	-0.0201182
4.75386e-10	-0.0199222
4.75605e-10	-0.0197255
4.75824e-10	-0.0195282
4.76044e-10	-0.0193303
4.76263e-10	-0.0191319
4.76482e-10	-0.0189329
4.76701e-10	-0.0187336
4.7692e-10	-0.0185338
4.77139e-10	-0.0183337
4.77358e-10	-0.0181333
4.77577e-10	-0.0179327
4.77796e-10	-0.0177319
4.78015e-10	-0.017531
4.78234e-10	-0.0173299
4.78453e-10	-0.0171289
4.78672e-10	-0.0169278
4.78891e-10	-0.0167267
4.7911e-10	-0.0165258
4.79329e-10	-0.0163249
4.79548e-10	-0.0161242
4.79767e-10	-0.0159238
4.79986e-10	-0.0157236
4.80205e-10	-0.0155236
4.80424e-10	-0.015324
4.80643e-10	-0.0151248
4.80862e-10	-0.014926
4.81081e-10	-0.0147276
4.813e-10	-0.0145297
4.81519e-10	-0.0143323
4.81738e-10	-0.0141355
4.81957e-10	-0.0139392
4.82176e-10	-0.0137436
4.82395e-10	-0.0135486
4.82614e-10	-0.0133543
4.82833e-10	-0.0131606
4.83052e-10	-0.0129678
4.83271e-10	-0.0127757
4.8349e-10	-0.0125844
4.83709e-10	-0.0123939
4.83928e-10	-0.0122043
4.84147e-10	-0.0120156
4.84366e-10	-0.0118277
4.84585e-10	-0.0116409
4.84804e-10	-0.0114549
4.85023e-10	-0.01127
4.85242e-10	-0.0110861
4.85461e-10	-0.0109032
4.8568e-10	-0.0107213
4.85899e-10	-0.0105405
4.86119e-10	-0.0103609
4.86338e-10	-0.0101823
4.86557e-10	-0.0100049
4.86776e-10	-0.00982863
4.86995e-10	-0.00965355
4.87214e-10	-0.00947966
4.87433e-10	-0.00930698
4.87652e-10	-0.00913553
4.87871e-10	-0.00896532
4.8809e-10	-0.00879638
4.88309e-10	-0.00862871
4.88528e-10	-0.00846234
4.88747e-10	-0.00829726
4.88966e-10	-0.00813351
4.89185e-10	-0.00797109
4.89404e-10	-0.00781001
4.89623e-10	-0.00765029
4.89842e-10	-0.00749194
4.90061e-10	-0.00733496
4.9028e-10	-0.00717938
4.90499e-10	-0.00702519
4.90718e-10	-0.00687241
4.90937e-10	-0.00672105
4.91156e-10	-0.00657111
4.91375e-10	-0.00642261
4.91594e-10	-0.00627555
4.91813e-10	-0.00612994
4.92032e-10	-0.00598578
4.92251e-10	-0.00584308
4.9247e-10	-0.00570184
4.92689e-10	-0.00556208
4.92908e-10	-0.0054238
4.93127e-10	-0.00528699
4.93346e-10	-0.00515167
4.93565e-10	-0.00501783
4.93784e-10	-0.00488549
4.94003e-10	-0.00475464
4.94222e-10	-0.00462528
4.94441e-10	-0.00449742
4.9466e-10	-0.00437106
4.94879e-10	-0.0042462
4.95098e-10	-0.00412284
4.95317e-10	-0.00400097
4.95536e-10	-0.00388061
4.95755e-10	-0.00376175
4.95974e-10	-0.00364439
4.96194e-10	-0.00352853
4.96413e-10	-0.00341416
4.96632e-10	-0.00330128
4.96851e-10	-0.0031899
4.9707e-10	-0.00308001
4.97289e-10	-0.00297161
4.97508e-10	-0.00286469
4.97727e-10	-0.00275925
4.97946e-10	-0.00265529
4.98165e-10	-0.0025528
4.98384e-10	-0.00245179
4.98603e-10	-0.00235223
4.98822e-10	-0.00225414
4.99041e-10	-0.0021575
4.9926e-10	-0.00206231
4.99479e-10	-0.00196856
4.99698e-10	-0.00187626
4.99917e-10	-0.00178538
5.00136e-10	-0.00169593
5.00355e-10	-0.0016079
5.00574e-10	-0.00152129
5.00793e-10	-0.00143607
5.01012e-10	-0.00135226
5.01231e-10	-0.00126984
5.0145e-10	-0.0011888
5.01669e-10	-0.00110914
5.01888e-10	-0.00103085
5.02107e-10	-0.000953916
5.02326e-10	-0.000878335
5.02545e-10	-0.000804096
5.02764e-10	-0.000731193
5.02983e-10	-0.000659615
5.03202e-10	-0.000589354
5.03421e-10	-0.000520401
5.0364e-10	-0.000452747
5.03859e-10	-0.000386381
5.04078e-10	-0.000321295
5.04297e-10	-0.000257479
5.04516e-10	-0.000194923
5.04735e-10	-0.000133618
5.04954e-10	-7.35521e-05
5.05173e-10	-1.47166e-05
5.05392e-10	4.28991e-05
5.05611e-10	9.93054e-05
5.0583e-10	0.000154513
5.06049e-10	0.000208532
5.06268e-10	0.000261373
5.06488e-10	0.000313047
5.06707e-10	0.000363566
5.06926e-10	0.000412938
5.07145e-10	0.000461177
5.07364e-10	0.000508292
5.07583e-10	0.000554295
5.07802e-10	0.000599197
5.08021e-10	0.00064301
5.0824e-10	0.000685743
5.08459e-10	0.00072741
5.08678e-10	0.000768021
5.08897e-10	0.000807587
5.09116e-10	0.00084612
5.09335e-10	0.000883632
5.09554e-10	0.000920134
5.09773e-10	0.000955638
5.09992e-10	0.000990154
5.10211e-10	0.0010237
5.1043e-10	0.00105627
5.10649e-10	0.0010879
5.10868e-10	0.00111858
5.11087e-10	0.00114834
5.11306e-10	0.00117718
5.11525e-10	0.00120511
5.11744e-10	0.00123215
5.11963e-10	0.00125831
5.12182e-10	0.0012836
5.12401e-10	0.00130803
5.1262e-10	0.00133161
5.12839e-10	0.00135435
5.13058e-10	0.00137628
5.13277e-10	0.00139738
5.13496e-10	0.00141769
5.13715e-10	0.00143721
5.13934e-10	0.00145595
5.14153e-10	0.00147392
5.14372e-10	0.00149114
5.14591e-10	0.00150761
5.1481e-10	0.00152335
5.15029e-10	0.00153837
5.15248e-10	0.00155268
5.15467e-10	0.0015663
5.15686e-10	0.00157922
5.15905e-10	0.00159147
5.16124e-10	0.00160305
5.16343e-10	0.00161397
5.16563e-10	0.00162426
5.16782e-10	0.00163391
5.17001e-10	0.00164294
5.1722e-10	0.00165135
5.17439e-10	0.00165917
5.17658e-10	0.0016664
5.17877e-10	0.00167305
5.18096e-10	0.00167913
5.18315e-10	0.00168465
5.18534e-10	0.00168962
5.18753e-10	0.00169406
5.18972e-10	0.00169797
5.19191e-10	0.00170136
5.1941e-10	0.00170425
5.19629e-10	0.00170664
5.19848e-10	0.00170854
5.20067e-10	0.00170997
5.20286e-10	0.00171092
5.20505e-10	0.00171142
5.20724e-10	0.00171148
5.20943e-10	0.00171109
5.21162e-10	0.00171028
5.21381e-10	0.00170904
5.216e-10	0.0017074
5.21819e-10	0.00170535
5.22038e-10	0.00170291
5.22257e-10	0.00170009
5.22476e-10	0.0016969
5.22695e-10	0.00169334
5.22914e-10	0.00168942
5.23133e-10	0.00168516
5.23352e-10	0.00168056
5.23571e-10	0.00167563
5.2379e-10	0.00167037
5.24009e-10	0.0016648
5.24228e-10	0.00165893
5.24447e-10	0.00165276
5.24666e-10	0.0016463
5.24885e-10	0.00163956
5.25104e-10	0.00163254
5.25323e-10	0.00162526
5.25542e-10	0.00161772
5.25761e-10	0.00160994
5.2598e-10	0.0016019
5.26199e-10	0.00159364
5.26418e-10	0.00158514
5.26638e-10	0.00157642
5.26857e-10	0.00156749
5.27076e-10	0.00155836
5.27295e-10	0.00154902
5.27514e-10	0.00153949
5.27733e-10	0.00152977
5.27952e-10	0.00151988
5.28171e-10	0.00150981
5.2839e-10	0.00149957
5.28609e-10	0.00148918
5.28828e-10	0.00147863
5.29047e-10	0.00146793
5.29266e-10	0.00145709
5.29485e-10	0.00144611
5.29704e-10	0.00143501
5.29923e-10	0.00142378
5.30142e-10	0.00141243
5.30361e-10	0.00140097
5.3058e-10	0.0013894
5.30799e-10	0.00137774
5.31018e-10	0.00136597
5.31237e-10	0.00135412
5.31456e-10	0.00134217
5.31675e-10	0.00133015
5.31894e-10	0.00131805
5.32113e-10	0.00130589
5.32332e-10	0.00129365
5.32551e-10	0.00128136
5.3277e-10	0.00126901
5.32989e-10	0.0012566
5.33208e-10	0.00124415
5.33427e-10	0.00123166
5.33646e-10	0.00121912
5.33865e-10	0.00120656
5.34084e-10	0.00119396
5.34303e-10	0.00118133
5.34522e-10	0.00116869
5.34741e-10	0.00115602
5.3496e-10	0.00114335
5.35179e-10	0.00113066
5.35398e-10	0.00111796
5.35617e-10	0.00110526
5.35836e-10	0.00109256
5.36055e-10	0.00107986
5.36274e-10	0.00106718
5.36493e-10	0.0010545
5.36713e-10	0.00104183
5.36932e-10	0.00102918
5.37151e-10	0.00101655
5.3737e-10	0.00100395
5.37589e-10	0.000991364
5.37808e-10	0.00097881
5.38027e-10	0.000966288
5.38246e-10	0.0009538
5.38465e-10	0.000941349
5.38684e-10	0.000928936
5.38903e-10	0.000916565
5.39122e-10	0.000904238
5.39341e-10	0.000891957
5.3956e-10	0.000879725
5.39779e-10	0.000867544
5.39998e-10	0.000855416
5.40217e-10	0.000843343
5.40436e-10	0.000831328
5.40655e-10	0.000819371
5.40874e-10	0.000807476
5.41093e-10	0.000795643
5.41312e-10	0.000783876
5.41531e-10	0.000772175
5.4175e-10	0.000760543
5.41969e-10	0.00074898
5.42188e-10	0.000737488
5.42407e-10	0.00072607
5.42626e-10	0.000714726
5.42845e-10	0.000703458
5.43064e-10	0.000692268
5.43283e-10	0.000681155
5.43502e-10	0.000670123
5.43721e-10	0.000659172
5.4394e-10	0.000648302
5.44159e-10	0.000637516
5.44378e-10	0.000626815
5.44597e-10	0.000616199
5.44816e-10	0.000605669
5.45035e-10	0.000595226
5.45254e-10	0.000584871
5.45473e-10	0.000574605
5.45692e-10	0.000564429
5.45911e-10	0.000554343
5.4613e-10	0.000544349
5.46349e-10	0.000534446
5.46568e-10	0.000524636
5.46788e-10	0.000514918
5.47007e-10	0.000505294
5.47226e-10	0.000495764
5.47445e-10	0.000486329
5.47664e-10	0.000476989
5.47883e-10	0.000467743
5.48102e-10	0.000458594
5.48321e-10	0.00044954
5.4854e-10	0.000440582
5.48759e-10	0.000431721
5.48978e-10	0.000422957
5.49197e-10	0.000414289
5.49416e-10	0.000405719
5.49635e-10	0.000397245
5.49854e-10	0.000388869
5.50073e-10	0.00038059
5.50292e-10	0.000372408
5.50511e-10	0.000364324
5.5073e-10	0.000356337
5.50949e-10	0.000348447
5.51168e-10	0.000340654
5.51387e-10	0.000332958
5.51606e-10	0.000325359
5.51825e-10	0.000317856
5.52044e-10	0.00031045
5.52263e-10	0.000303141
5.52482e-10	0.000295927
5.52701e-10	0.00028881
5.5292e-10	0.000281788
5.53139e-10	0.000274861
5.53358e-10	0.000268029
5.53577e-10	0.000261291
5.53796e-10	0.000254648
5.54015e-10	0.000248099
5.54234e-10	0.000241643
5.54453e-10	0.000235281
5.54672e-10	0.00022901
5.54891e-10	0.000222833
5.5511e-10	0.000216746
5.55329e-10	0.000210752
5.55548e-10	0.000204847
5.55767e-10	0.000199034
5.55986e-10	0.000193309
5.56205e-10	0.000187674
5.56424e-10	0.000182128
5.56643e-10	0.00017667
5.56862e-10	0.000171299
5.57082e-10	0.000166015
5.57301e-10	0.000160818
5.5752e-10	0.000155706
5.57739e-10	0.000150679
5.57958e-10	0.000145737
5.58177e-10	0.000140879
5.58396e-10	0.000136103
5.58615e-10	0.000131411
5.58834e-10	0.0001268
5.59053e-10	0.00012227
5.59272e-10	0.000117821
5.59491e-10	0.000113451
5.5971e-10	0.000109161
5.59929e-10	0.000104949
5.60148e-10	0.000100815
5.60367e-10	9.67579e-05
5.60586e-10	9.2777e-05
5.60805e-10	8.88716e-05
5.61024e-10	8.50409e-05
5.61243e-10	8.12844e-05
5.61462e-10	7.76012e-05
5.61681e-10	7.39905e-05
5.619e-10	7.04517e-05
5.62119e-10	6.6984e-05
5.62338e-10	6.35866e-05
5.62557e-10	6.02588e-05
5.62776e-10	5.69998e-05
5.62995e-10	5.38088e-05
5.63214e-10	5.06851e-05
5.63433e-10	4.7628e-05
5.63652e-10	4.46366e-05
5.63871e-10	4.17102e-05
5.6409e-10	3.88481e-05
5.64309e-10	3.60494e-05
5.64528e-10	3.33134e-05
5.64747e-10	3.06393e-05
5.64966e-10	2.80264e-05
5.65185e-10	2.54739e-05
5.65404e-10	2.2981e-05
5.65623e-10	2.0547e-05
5.65842e-10	1.8171e-05
5.66061e-10	1.58524e-05
5.6628e-10	1.35904e-05
5.66499e-10	1.13841e-05
5.66718e-10	9.23295e-06
5.66937e-10	7.13605e-06
5.67157e-10	5.0927e-06
5.67376e-10	3.10214e-06
5.67595e-10	1.16361e-06
5.67814e-10	-7.23616e-07
5.68033e-10	-2.56029e-06
5.68252e-10	-4.34716e-06
5.68471e-10	-6.08496e-06
5.6869e-10	-7.77441e-06
5.68909e-10	-9.41625e-06
5.69128e-10	-1.10112e-05
5.69347e-10	-1.256e-05
5.69566e-10	-1.40634e-05
5.69785e-10	-1.5522e-05
5.70004e-10	-1.69366e-05
5.70223e-10	-1.83079e-05
5.70442e-10	-1.96366e-05
5.70661e-10	-2.09233e-05
5.7088e-10	-2.21689e-05
5.71099e-10	-2.33739e-05
5.71318e-10	-2.4539e-05
5.71537e-10	-2.5665e-05
5.71756e-10	-2.67525e-05
5.71975e-10	-2.78022e-05
5.72194e-10	-2.88147e-05
5.72413e-10	-2.97906e-05
5.72632e-10	-3.07308e-05
5.72851e-10	-3.16357e-05
