% time-domain voltage integration by openEMS v0.37.0-rc1-8-g27dcde1 @Wed Aug 12 18:40:40 2026
% start-coordinates: (8.88178e-19,-0.0061,0) m -> [78,17,16]
% stop-coordinates: (8.88178e-19,-0.0061,0.0015) m -> [78,17,24]
% t/s	voltage
0	-0
9.4179301084e-12	5.08795903187e-08
1.88358602168e-11	2.37831772054e-07
2.82537903252e-11	5.63339241921e-07
3.76717204336e-11	9.84859255482e-07
4.7089650542e-11	1.31711811946e-06
5.65075806504e-11	1.15716191829e-06
6.59255107588e-11	-1.23048636169e-07
7.53434408672e-11	-3.20363756146e-06
8.47613709756e-11	-8.39815299969e-06
9.4179301084e-11	-1.50094883793e-05
1.03597231192e-10	-2.0663892883e-05
1.13015161301e-10	-2.10736470763e-05
1.22433091409e-10	-1.07732957986e-05
1.31851021518e-10	1.47797823047e-05
1.41268951626e-10	5.594423601e-05
1.50686881734e-10	0.000105522481135
1.60104811843e-10	0.000147174219819
1.69522741951e-10	0.000157676753588
1.7894067206e-10	0.000114068365292
1.88358602168e-10	4.52543190477e-06
1.97776532276e-10	-0.000160855594004
2.07194462385e-10	-0.000344903404766
2.16612392493e-10	-0.000488689973281
2.26030322602e-10	-0.000528623240825
2.3544825271e-10	-0.00042098358972
2.44866182818e-10	-0.000164682820468
2.54284112927e-10	0.000188548023289
2.63702043035e-10	0.000543774054677
2.73119973144e-10	0.000791585771367
2.82537903252e-10	0.000846442555485
2.9195583336e-10	0.000679629505612
3.01373763469e-10	0.000332848845574
3.10791693577e-10	-9.40309473663e-05
3.20209623686e-10	-0.000476828427054
3.29627553794e-10	-0.000709268031642
3.39045483902e-10	-0.000737207941711
3.48463414011e-10	-0.000572477525566
3.57881344119e-10	-0.000282806817268
3.67299274228e-10	3.61388774763e-05
3.76717204336e-10	0.000294493278489
3.86135134444e-10	0.000435025562183
3.95553064553e-10	0.000444790821348
4.04970994661e-10	0.000350174024788
4.1438892477e-10	0.000200100706934
4.23806854878e-10	4.55608396805e-05
4.33224784987e-10	-7.66502762417e-05
4.42642715095e-10	-0.000151145304699
4.52060645203e-10	-0.000181582601726
4.61478575312e-10	-0.000181924602657
4.7089650542e-10	-0.000166400339367
4.80314435529e-10	-0.000142809105455
4.89732365637e-10	-0.000111485665911
4.99150295745e-10	-6.92548792358e-05
5.08568225854e-10	-1.53376103071e-05
5.17986155962e-10	4.44836387032e-05
5.27404086071e-10	9.79232809186e-05
5.36822016179e-10	0.000130541446197
5.46239946287e-10	0.000132116829263
5.55657876396e-10	0.00010170479527
5.65075806504e-10	4.87611368953e-05
5.74493736613e-10	-1.0184470284e-05
5.83911666721e-10	-5.78458320888e-05
5.93329596829e-10	-8.19456518002e-05
6.02747526938e-10	-7.85845641076e-05
6.12165457046e-10	-5.18363772244e-05
6.21583387155e-10	-1.06691287556e-05
6.31001317263e-10	3.47442851307e-05
6.40419247371e-10	7.55204810048e-05
6.4983717748e-10	0.000104793973151
6.59255107588e-10	0.000117449912977
6.68673037697e-10	0.000110129284622
6.78090967805e-10	8.22026649985e-05
6.87508897913e-10	3.72778763449e-05
6.96926828022e-10	-1.60862041412e-05
7.0634475813e-10	-6.56837692077e-05
7.15762688239e-10	-9.91746319414e-05
7.25180618347e-10	-0.000108562040623
7.34598548455e-10	-9.35612242756e-05
7.44016478564e-10	-6.20630967205e-05
7.53434408672e-10	-2.71723233709e-05
7.62852338781e-10	-1.98212866565e-06
7.72270268889e-10	5.66314275829e-06
7.81688198997e-10	-3.87456901763e-06
7.91106129106e-10	-2.25968972245e-05
8.00524059214e-10	-3.85647235817e-05
8.09941989323e-10	-4.10695411119e-05
8.19359919431e-10	-2.50625055287e-05
8.28777849539e-10	6.88435721941e-06
8.38195779648e-10	4.56513976133e-05
8.47613709756e-10	7.90411686467e-05
8.57031639865e-10	9.61467621892e-05
8.66449569973e-10	9.09927102839e-05
8.75867500081e-10	6.42820850771e-05
8.8528543019e-10	2.28827543651e-05
8.94703360298e-10	-2.25068247346e-05
9.04121290407e-10	-6.05952732258e-05
9.13539220515e-10	-8.26033929116e-05
9.22957150623e-10	-8.44163314468e-05
9.32375080732e-10	-6.73149943395e-05
9.4179301084e-10	-3.72363147108e-05
9.51210940949e-10	-2.85199735117e-06
9.60628871057e-10	2.69636673238e-05
9.70046801165e-10	4.55731274087e-05
9.79464731274e-10	5.02141901961e-05
9.88882661382e-10	4.23702358603e-05
9.98300591491e-10	2.67939933565e-05
1.0077185216e-09	9.57837789883e-06
1.01713645171e-09	-3.97652695483e-06
1.02655438182e-09	-1.0904502119e-05
1.03597231192e-09	-1.10259895791e-05
1.04539024203e-09	-6.31493452374e-06
1.05480817214e-09	3.55560992205e-07
1.06422610225e-09	6.40456227075e-06
1.07364403236e-09	1.01861415942e-05
1.08306196247e-09	1.09674837176e-05
1.09247989257e-09	8.54985432852e-06
1.10189782268e-09	2.98253368669e-06
1.11131575279e-09	-5.34442114031e-06
1.1207336829e-09	-1.53048047196e-05
1.13015161301e-09	-2.47229002071e-05
1.13956954312e-09	-3.05790531456e-05
1.14898747323e-09	-2.99028286008e-05
1.15840540333e-09	-2.10900345792e-05
1.16782333344e-09	-5.03650824157e-06
1.17724126355e-09	1.45611912785e-05
1.18665919366e-09	3.20781587106e-05
1.19607712377e-09	4.18115155298e-05
1.20549505388e-09	4.0117593926e-05
1.21491298398e-09	2.69535853477e-05
1.22433091409e-09	6.12933428101e-06
1.2337488442e-09	-1.5905922055e-05
1.24316677431e-09	-3.23054059663e-05
1.25258470442e-09	-3.82327989428e-05
1.26200263453e-09	-3.25051823893e-05
1.27142056463e-09	-1.78540021807e-05
1.28083849474e-09	2.46646116864e-07
1.29025642485e-09	1.56755747867e-05
1.29967435496e-09	2.38486534272e-05
1.30909228507e-09	2.31726251059e-05
1.31851021518e-09	1.52870634338e-05
1.32792814528e-09	4.11167894754e-06
1.33734607539e-09	-5.83826499678e-06
1.3467640055e-09	-1.11812531713e-05
1.35618193561e-09	-1.08005783659e-05
1.36559986572e-09	-6.01653545118e-06
1.37501779583e-09	1.8066157681e-07
1.38443572594e-09	4.48272419362e-06
1.39385365604e-09	4.6596788934e-06
1.40327158615e-09	4.73665419776e-07
1.41268951626e-09	-6.22002767159e-06
1.42210744637e-09	-1.22176630839e-05
1.43152537648e-09	-1.4273892134e-05
1.44094330659e-09	-1.04739054905e-05
1.45036123669e-09	-1.13590757422e-06
1.4597791668e-09	1.11316865059e-05
1.46919709691e-09	2.22773960559e-05
1.47861502702e-09	2.82628047898e-05
1.48803295713e-09	2.65794667484e-05
1.49745088724e-09	1.72361542354e-05
1.50686881734e-09	2.8209653351e-06
1.51628674745e-09	-1.2392216945e-05
1.52570467756e-09	-2.39464909555e-05
1.53512260767e-09	-2.87332975404e-05
1.54454053778e-09	-2.59728117271e-05
1.55395846789e-09	-1.73033170086e-05
1.56337639799e-09	-6.00302900011e-06
1.5727943281e-09	4.29730908991e-06
1.58221225821e-09	1.0885399206e-05
1.59163018832e-09	1.27499978362e-05
1.60104811843e-09	1.06415759547e-05
1.61046604854e-09	6.48663404945e-06
1.61988397865e-09	2.47107965379e-06
1.62930190875e-09	1.96759442517e-07
1.63871983886e-09	2.21706272896e-07
1.64813776897e-09	2.08849593264e-06
1.65755569908e-09	4.72651589689e-06
1.66697362919e-09	6.98026292412e-06
1.6763915593e-09	8.01399914963e-06
1.6858094894e-09	7.45758450194e-06
1.69522741951e-09	5.31581645191e-06
1.70464534962e-09	1.78001570816e-06
1.71406327973e-09	-2.89622335004e-06
1.72348120984e-09	-8.36891319977e-06
1.73289913995e-09	-1.4056427176e-05
1.74231707005e-09	-1.90051002846e-05
1.75173500016e-09	-2.19197959268e-05
1.76115293027e-09	-2.14412152673e-05
1.77057086038e-09	-1.66232002812e-05
1.77998879049e-09	-7.43965586025e-06
1.7894067206e-09	4.90465163239e-06
1.7988246507e-09	1.8043992668e-05
1.80824258081e-09	2.89558215627e-05
1.81766051092e-09	3.47844070347e-05
1.82707844103e-09	3.37286255672e-05
1.83649637114e-09	2.56843768511e-05
1.84591430125e-09	1.23939995547e-05
1.85533223136e-09	-2.98698199686e-06
1.86475016146e-09	-1.67913522091e-05
1.87416809157e-09	-2.59214132257e-05
1.88358602168e-09	-2.87460550226e-05
1.89300395179e-09	-2.55063152963e-05
1.9024218819e-09	-1.80925933364e-05
1.91183981201e-09	-9.28428960378e-06
1.92125774211e-09	-1.73777266355e-06
1.93067567222e-09	2.90231707822e-06
1.94009360233e-09	4.44907703923e-06
1.94951153244e-09	4.03205450539e-06
1.95892946255e-09	3.45389980794e-06
1.96834739266e-09	4.32118019944e-06
1.97776532276e-09	7.30471936095e-06
1.98718325287e-09	1.18213184805e-05
1.99660118298e-09	1.62538019595e-05
2.00601911309e-09	1.8607489892e-05
2.0154370432e-09	1.7331951085e-05
2.02485497331e-09	1.19772018934e-05
2.03427290341e-09	3.42940623455e-06
2.04369083352e-09	-6.35760954992e-06
2.05310876363e-09	-1.50190395516e-05
2.06252669374e-09	-2.05617293432e-05
2.07194462385e-09	-2.19768539864e-05
2.08136255396e-09	-1.94672793441e-05
2.09078048407e-09	-1.42360205473e-05
2.10019841417e-09	-7.95361961536e-06
2.10961634428e-09	-2.13586852738e-06
2.11903427439e-09	2.32496364561e-06
2.1284522045e-09	5.31534385573e-06
2.13787013461e-09	7.3216566534e-06
2.14728806472e-09	9.03172087874e-06
2.15670599482e-09	1.09072766463e-05
2.16612392493e-09	1.29102116944e-05
2.17554185504e-09	1.44861775198e-05
2.18495978515e-09	1.47948526319e-05
2.19437771526e-09	1.30773433966e-05
2.20379564537e-09	9.00502652712e-06
2.21321357547e-09	2.87263250698e-06
2.22263150558e-09	-4.42995116146e-06
2.23204943569e-09	-1.1643288417e-05
2.2414673658e-09	-1.74683148089e-05
2.25088529591e-09	-2.08795909202e-05
2.26030322602e-09	-2.13269888718e-05
2.26972115612e-09	-1.87863372503e-05
2.27913908623e-09	-1.36836057436e-05
2.28855701634e-09	-6.75551086715e-06
2.29797494645e-09	1.08681204836e-06
2.30739287656e-09	8.85501208359e-06
2.31681080667e-09	1.55484340212e-05
2.32622873678e-09	2.02233268283e-05
2.33564666688e-09	2.21042585054e-05
2.34506459699e-09	2.07443597446e-05
2.3544825271e-09	1.61948685218e-05
2.36390045721e-09	9.11054303288e-06
2.37331838732e-09	7.14262824886e-07
2.38273631743e-09	-7.41687426853e-06
2.39215424753e-09	-1.37137659522e-05
2.40157217764e-09	-1.70276875906e-05
2.41099010775e-09	-1.69557524714e-05
2.42040803786e-09	-1.3956429143e-05
2.42982596797e-09	-9.19626847917e-06
2.43924389808e-09	-4.16541473669e-06
2.44866182818e-09	-1.88028510095e-07
2.45807975829e-09	2.00065323952e-06
2.4674976884e-09	2.45654845799e-06
2.47691561851e-09	1.93302133766e-06
2.48633354862e-09	1.52642843432e-06
2.49575147873e-09	2.1950017981e-06
2.50516940884e-09	4.33571779013e-06
2.51458733894e-09	7.58192180683e-06
2.52400526905e-09	1.09023040977e-05
2.53342319916e-09	1.29653637941e-05
2.54284112927e-09	1.26352334746e-05
2.55225905938e-09	9.41377834351e-06
2.56167698949e-09	3.66658474604e-06
2.57109491959e-09	-3.4479459714e-06
2.5805128497e-09	-1.03183574538e-05
2.58993077981e-09	-1.53642961322e-05
2.59934870992e-09	-1.74957513082e-05
2.60876664003e-09	-1.6394820932e-05
2.61818457014e-09	-1.25396210251e-05
2.62760250024e-09	-6.98606282867e-06
2.63702043035e-09	-1.00481177867e-06
2.64643836046e-09	4.28870094993e-06
2.65585629057e-09	8.18728960894e-06
2.66527422068e-09	1.04631732256e-05
2.67469215079e-09	1.12671772285e-05
2.68411008089e-09	1.09296377104e-05
2.693528011e-09	9.76267472197e-06
2.70294594111e-09	7.9462101894e-06
2.71236387122e-09	5.53259070557e-06
2.72178180133e-09	2.54563161661e-06
2.73119973144e-09	-8.90322780833e-07
2.74061766155e-09	-4.46518868102e-06
2.75003559165e-09	-7.69150824453e-06
2.75945352176e-09	-1.001033786e-05
2.76887145187e-09	-1.09536943e-05
2.77828938198e-09	-1.02981413193e-05
2.78770731209e-09	-8.14693112261e-06
2.7971252422e-09	-4.90941312137e-06
2.8065431723e-09	-1.18744959821e-06
2.81596110241e-09	2.38575842104e-06
2.82537903252e-09	5.29495201818e-06
2.83479696263e-09	7.23188230722e-06
2.84421489274e-09	8.10563028608e-06
2.85363282285e-09	7.98915880296e-06
2.86305075295e-09	7.04077126557e-06
2.87246868306e-09	5.44112305079e-06
2.88188661317e-09	3.37020162533e-06
2.89130454328e-09	1.02208572628e-06
2.90072247339e-09	-1.36785901361e-06
2.9101404035e-09	-3.51569892132e-06
2.9195583336e-09	-5.12265000907e-06
2.92897626371e-09	-5.94688270894e-06
2.93839419382e-09	-5.88551063174e-06
2.94781212393e-09	-5.02674362224e-06
2.95723005404e-09	-3.63967188832e-06
2.96664798415e-09	-2.094321502e-06
2.97606591426e-09	-7.36406263968e-07
2.98548384436e-09	2.34589892401e-07
2.99490177447e-09	8.31587314565e-07
3.00431970458e-09	1.25704779919e-06
3.01373763469e-09	1.79402464084e-06
3.0231555648e-09	2.65185227022e-06
3.03257349491e-09	3.83077662036e-06
3.04199142501e-09	5.06731993255e-06
3.05140935512e-09	5.89348076119e-06
3.06082728523e-09	5.79803798928e-06
3.07024521534e-09	4.4348200845e-06
3.07966314545e-09	1.79901053343e-06
3.08908107556e-09	-1.70151957946e-06
3.09849900566e-09	-5.31741790155e-06
3.10791693577e-09	-8.1576846469e-06
3.11733486588e-09	-9.45526880969e-06
3.12675279599e-09	-8.80951768067e-06
3.1361707261e-09	-6.32131076372e-06
3.14558865621e-09	-2.57361040212e-06
3.15500658631e-09	1.53664336722e-06
3.16442451642e-09	5.05861692091e-06
3.17384244653e-09	7.2530496027e-06
3.18326037664e-09	7.77825482601e-06
3.19267830675e-09	6.74306608062e-06
3.20209623686e-09	4.62113808908e-06
3.21151416697e-09	2.06751604992e-06
3.22093209707e-09	-2.92008326852e-07
3.23035002718e-09	-2.02791761694e-06
3.23976795729e-09	-2.9820905354e-06
3.2491858874e-09	-3.241650262e-06
3.25860381751e-09	-3.03890462305e-06
3.26802174762e-09	-2.62703343878e-06
3.27743967772e-09	-2.18185869016e-06
3.28685760783e-09	-1.76161712773e-06
3.29627553794e-09	-1.32834767896e-06
3.30569346805e-09	-8.09152673753e-07
3.31511139816e-09	-1.62438279716e-07
3.32452932827e-09	5.82150619266e-07
3.33394725837e-09	1.32492743887e-06
3.34336518848e-09	1.93311521457e-06
3.35278311859e-09	2.29225631188e-06
3.3622010487e-09	2.34683508893e-06
3.37161897881e-09	2.1128573735e-06
3.38103690892e-09	1.65993394319e-06
3.39045483902e-09	1.07547353423e-06
3.39987276913e-09	4.30943863705e-07
3.40929069924e-09	-2.33322744236e-07
3.41870862935e-09	-8.98394908688e-07
3.42812655946e-09	-1.54047320677e-06
3.43754448957e-09	-2.10482204466e-06
3.44696241968e-09	-2.49773049177e-06
3.45638034978e-09	-2.60530873675e-06
3.46579827989e-09	-2.33455142507e-06
3.47521621e-09	-1.65947518838e-06
3.48463414011e-09	-6.51336620194e-07
3.49405207022e-09	5.23868315838e-07
3.50347000033e-09	1.64331167696e-06
3.51288793043e-09	2.48900315114e-06
3.52230586054e-09	2.91001549613e-06
3.53172379065e-09	2.86178845954e-06
3.54114172076e-09	2.40765078274e-06
3.55055965087e-09	1.68379823151e-06
3.55997758098e-09	8.43701933206e-07
3.56939551108e-09	6.59828089389e-09
3.57881344119e-09	-7.68095297587e-07
3.5882313713e-09	-1.47127917671e-06
3.59764930141e-09	-2.10640280329e-06
3.60706723152e-09	-2.64470017441e-06
3.61648516163e-09	-2.99848665009e-06
3.62590309173e-09	-3.03068804897e-06
3.63532102184e-09	-2.60251900386e-06
3.64473895195e-09	-1.64269894753e-06
3.65415688206e-09	-2.09629485326e-07
3.66357481217e-09	1.48356129159e-06
3.67299274228e-09	3.09880496729e-06
3.68241067239e-09	4.25506198098e-06
3.69182860249e-09	4.63886260604e-06
3.7012465326e-09	4.10629127146e-06
3.71066446271e-09	2.73964994335e-06
3.72008239282e-09	8.36401191862e-07
3.72950032293e-09	-1.16903908065e-06
3.73891825304e-09	-2.82649810401e-06
3.74833618314e-09	-3.79477577894e-06
3.75775411325e-09	-3.92985521103e-06
3.76717204336e-09	-3.30947389671e-06
3.77658997347e-09	-2.18925816853e-06
3.78600790358e-09	-9.093441804e-07
3.79542583369e-09	2.14618328442e-07
3.80484376379e-09	9.79147955604e-07
3.8142616939e-09	1.33281091053e-06
3.82367962401e-09	1.3606546645e-06
3.83309755412e-09	1.22548372872e-06
3.84251548423e-09	1.09210333221e-06
3.85193341434e-09	1.06319386362e-06
3.86135134444e-09	1.14814565677e-06
3.87076927455e-09	1.27182516962e-06
3.88018720466e-09	1.31444836882e-06
3.88960513477e-09	1.1643319624e-06
3.89902306488e-09	7.62774511998e-07
3.90844099499e-09	1.26455498517e-07
3.9178589251e-09	-6.57094652468e-07
3.9272768552e-09	-1.45501759619e-06
3.93669478531e-09	-2.1238786303e-06
3.94611271542e-09	-2.54141761502e-06
3.95553064553e-09	-2.62718191379e-06
3.96494857564e-09	-2.35087907186e-06
3.97436650575e-09	-1.73160523786e-06
3.98378443585e-09	-8.33413103862e-07
3.99320236596e-09	2.40061067913e-07
4.00262029607e-09	1.35208506435e-06
4.01203822618e-09	2.34405555943e-06
4.02145615629e-09	3.05482927843e-06
4.0308740864e-09	3.34861857709e-06
4.0402920165e-09	3.14641110322e-06
4.04970994661e-09	2.45204077487e-06
4.05912787672e-09	1.36248603155e-06
4.06854580683e-09	5.56611574609e-08
4.07796373694e-09	-1.24436012072e-06
4.08738166705e-09	-2.31636073522e-06
4.09679959716e-09	-2.99147296801e-06
4.10621752726e-09	-3.18812004707e-06
4.11563545737e-09	-2.92229853471e-06
4.12505338748e-09	-2.29114792205e-06
4.13447131759e-09	-1.43723970325e-06
4.1438892477e-09	-5.07172693176e-07
4.15330717781e-09	3.80949561674e-07
4.16272510791e-09	1.15167662784e-06
4.17214303802e-09	1.76652980599e-06
4.18156096813e-09	2.20541352292e-06
4.19097889824e-09	2.44713504571e-06
4.20039682835e-09	2.46037168949e-06
4.20981475846e-09	2.21085986141e-06
4.21923268856e-09	1.68212666551e-06
4.22865061867e-09	9.00045421304e-07
4.23806854878e-09	-5.16086982039e-08
4.24748647889e-09	-1.03478218705e-06
4.256904409e-09	-1.88247344113e-06
4.26632233911e-09	-2.43959453883e-06
4.27574026921e-09	-2.60579335531e-06
4.28515819932e-09	-2.36492664385e-06
4.29457612943e-09	-1.78997569833e-06
4.30399405954e-09	-1.02077423492e-06
4.31341198965e-09	-2.22004752359e-07
4.32282991976e-09	4.64055588623e-07
4.33224784987e-09	9.53685443505e-07
4.34166577997e-09	1.23481892444e-06
4.35108371008e-09	1.35401649004e-06
4.36050164019e-09	1.38399859395e-06
4.3699195703e-09	1.38537583894e-06
4.37933750041e-09	1.37791087695e-06
4.38875543052e-09	1.33218978249e-06
4.39817336062e-09	1.18452705067e-06
4.40759129073e-09	8.68698215584e-07
4.41700922084e-09	3.51634941609e-07
4.42642715095e-09	-3.40572320567e-07
4.43584508106e-09	-1.11710762951e-06
4.44526301117e-09	-1.839406778e-06
4.45468094127e-09	-2.35559130601e-06
4.46409887138e-09	-2.54095044738e-06
4.47351680149e-09	-2.33180116993e-06
4.4829347316e-09	-1.74284915033e-06
4.49235266171e-09	-8.64195946804e-07
4.50177059182e-09	1.59620341833e-07
4.51118852192e-09	1.16105699988e-06
4.52060645203e-09	1.98251211714e-06
4.53002438214e-09	2.50316463735e-06
4.53944231225e-09	2.65539929956e-06
4.54886024236e-09	2.43005692369e-06
4.55827817247e-09	1.87271533036e-06
4.56769610258e-09	1.07355508305e-06
4.57711403268e-09	1.53255593105e-07
4.58653196279e-09	-7.53723192304e-07
4.5959498929e-09	-1.51781833324e-06
4.60536782301e-09	-2.03339496352e-06
4.61478575312e-09	-2.23587821324e-06
4.62420368323e-09	-2.11301869513e-06
4.63362161333e-09	-1.70705342839e-06
4.64303954344e-09	-1.10542595166e-06
4.65245747355e-09	-4.21454085853e-07
4.66187540366e-09	2.30943214774e-07
4.67129333377e-09	7.61394787219e-07
4.68071126388e-09	1.11945723802e-06
4.69012919398e-09	1.29834228346e-06
4.69954712409e-09	1.32577649481e-06
4.7089650542e-09	1.24584532557e-06
4.71838298431e-09	1.09909208845e-06
4.72780091442e-09	9.08285358037e-07
4.73721884453e-09	6.74999377281e-07
4.74663677463e-09	3.87702471016e-07
4.75605470474e-09	3.73102535534e-08
4.76547263485e-09	-3.66877422664e-07
4.77489056496e-09	-7.88140134489e-07
4.78430849507e-09	-1.16476692824e-06
4.79372642518e-09	-1.42406689463e-06
4.80314435529e-09	-1.50320116177e-06
4.81256228539e-09	-1.36944716189e-06
4.8219802155e-09	-1.0326169928e-06
4.83139814561e-09	-5.44799199531e-07
4.84081607572e-09	1.22323706164e-08
4.85023400583e-09	5.47574799725e-07
4.85965193594e-09	9.82651371828e-07
4.86906986604e-09	1.26657479882e-06
4.87848779615e-09	1.3813027806e-06
4.88790572626e-09	1.3366359326e-06
4.89732365637e-09	1.15872992978e-06
4.90674158648e-09	8.77988050263e-07
4.91615951659e-09	5.21545835852e-07
4.92557744669e-09	1.12790729645e-07
4.9349953768e-09	-3.23245014755e-07
4.94441330691e-09	-7.52611143184e-07
4.95383123702e-09	-1.12846171874e-06
4.96324916713e-09	-1.39416383149e-06
4.97266709724e-09	-1.49421532569e-06
4.98208502734e-09	-1.38992369614e-06
4.99150295745e-09	-1.07460986953e-06
5.00092088756e-09	-5.82265506921e-07
5.01033881767e-09	1.42612939236e-08
5.01975674778e-09	6.1632263737e-07
5.02917467789e-09	1.12030375021e-06
