% time-domain current integration by openEMS v0.37.0-rc1-8-g27dcde1 @Wed Aug 12 18:40:40 2026
% start-coordinates: (-0.0006,-0.00625,0.0005625) m -> [72,16,19]
% stop-coordinates: (0.0005,-0.0061,0.0005625) m -> [83,17,19]
% t/s	current
1.09510815214e-13	0
9.52744092362e-12	2.68292138506e-10
1.8945371032e-11	1.89411819562e-09
2.83633011404e-11	5.08125541643e-09
3.77812312488e-11	1.01548760512e-08
4.71991613572e-11	1.58816764184e-08
5.66170914656e-11	1.86261619461e-08
6.6035021574e-11	1.17192646698e-08
7.54529516824e-11	-1.39626230578e-08
8.48708817908e-11	-6.67402915155e-08
9.42888118992e-11	-1.47520111682e-07
1.03706742008e-10	-2.41002226176e-07
1.13124672116e-10	-3.07950330125e-07
1.22542602224e-10	-2.84853115318e-07
1.31960532333e-10	-9.75327623109e-08
1.41378462441e-10	3.07570985569e-07
1.5079639255e-10	9.19925014387e-07
1.60214322658e-10	1.62476055721e-06
1.69632252766e-10	2.19018716052e-06
1.79050182875e-10	2.30489149544e-06
1.88468112983e-10	1.67395751305e-06
1.97886043092e-10	1.53760609578e-07
2.073039732e-10	-2.1226935587e-06
2.16721903308e-10	-4.69341330245e-06
2.26139833417e-10	-6.83683674652e-06
2.35557763525e-10	-7.7698387031e-06
2.44975693634e-10	-6.92001322022e-06
2.54393623742e-10	-4.1715484258e-06
2.6381155385e-10	2.26289049721e-08
2.73229483959e-10	4.72699593956e-06
2.82647414067e-10	8.79190974956e-06
2.92065344176e-10	1.1209069271e-05
3.01483274284e-10	1.14187332656e-05
3.10901204392e-10	9.4544602689e-06
3.20319134501e-10	5.88339025853e-06
3.29737064609e-10	1.58589284638e-06
3.39154994718e-10	-2.52352992902e-06
3.48572924826e-10	-5.72741419091e-06
3.57990854935e-10	-7.62432546253e-06
3.67408785043e-10	-8.13265796751e-06
3.76826715151e-10	-7.42054498915e-06
3.8624464526e-10	-5.81353378948e-06
3.95662575368e-10	-3.71183159587e-06
4.05080505477e-10	-1.52210361648e-06
4.14498435585e-10	4.05085756938e-07
4.23916365693e-10	1.83391739483e-06
4.33334295802e-10	2.6835330118e-06
4.4275222591e-10	3.02695934806e-06
4.52170156019e-10	3.03720844386e-06
4.61588086127e-10	2.89544095722e-06
4.71006016235e-10	2.70175974038e-06
4.80423946344e-10	2.43453223447e-06
4.89841876452e-10	1.98269867724e-06
4.99259806561e-10	1.23732070278e-06
5.08677736669e-10	1.93575488083e-07
5.18095666777e-10	-9.94888409878e-07
5.27513596886e-10	-2.04523166758e-06
5.36931526994e-10	-2.65065659732e-06
5.46349457103e-10	-2.61261493506e-06
5.55767387211e-10	-1.9347774014e-06
5.65185317319e-10	-8.31949932945e-07
5.74603247428e-10	3.5042060631e-07
5.84021177536e-10	1.26509223719e-06
5.93439107645e-10	1.68192786987e-06
6.02857037753e-10	1.54504289185e-06
6.12274967861e-10	9.54899974204e-07
6.2169289797e-10	1.01318619272e-07
6.31110828078e-10	-8.1089598325e-07
6.40528758187e-10	-1.60826459705e-06
6.49946688295e-10	-2.15899467548e-06
6.59364618403e-10	-2.36579171542e-06
6.68782548512e-10	-2.16700550482e-06
6.7820047862e-10	-1.55825193815e-06
6.87618408729e-10	-6.23001596978e-07
6.97036338837e-10	4.56036445939e-07
7.06454268945e-10	1.42822568705e-06
7.15872199054e-10	2.05001606446e-06
7.25290129162e-10	2.17535284719e-06
7.34708059271e-10	1.81883478945e-06
7.44125989379e-10	1.15704801829e-06
7.53543919487e-10	4.61386662209e-07
7.62961849596e-10	-1.05435127296e-08
7.72379779704e-10	-1.17917529963e-07
7.81797709813e-10	1.1113748144e-07
7.91215639921e-10	4.99734426285e-07
8.00633570029e-10	8.0302720562e-07
8.10051500138e-10	8.1362554738e-07
8.19469430246e-10	4.46936553544e-07
8.28887360355e-10	-2.26571273743e-07
8.38305290463e-10	-1.01020225429e-06
8.47723220571e-10	-1.65545270647e-06
8.5714115068e-10	-1.95046095541e-06
8.66559080788e-10	-1.78994139333e-06
8.75977010897e-10	-1.20493734812e-06
8.85394941005e-10	-3.46998660916e-07
8.94812871113e-10	5.62486889066e-07
9.04230801222e-10	1.29854288389e-06
9.1364873133e-10	1.69374823145e-06
9.23066661439e-10	1.67842847532e-06
9.32484591547e-10	1.29161333007e-06
9.41902521655e-10	6.62684215058e-07
9.51320451764e-10	-2.9655009115e-08
9.60738381872e-10	-6.09091387105e-07
9.70156311981e-10	-9.49801687966e-07
9.79574242089e-10	-1.00683507753e-06
9.88992172197e-10	-8.20256445877e-07
9.98410102306e-10	-4.92389915507e-07
1.00782803241e-09	-1.47255803995e-07
1.01724596252e-09	1.12113916373e-07
1.02666389263e-09	2.32694134183e-07
1.03608182274e-09	2.1775058201e-07
1.04549975285e-09	1.11692827431e-07
1.05491768296e-09	-2.61876991203e-08
1.06433561306e-09	-1.45145719443e-07
1.07375354317e-09	-2.14423209854e-07
1.08317147328e-09	-2.21412321366e-07
1.09258940339e-09	-1.63498285133e-07
1.1020073335e-09	-4.27336246389e-08
1.11142526361e-09	1.31459941599e-07
1.12084319372e-09	3.34046347916e-07
1.13026112382e-09	5.18748095146e-07
1.13967905393e-09	6.23702021585e-07
1.14909698404e-09	5.90887793805e-07
1.15851491415e-09	3.93014602196e-07
1.16793284426e-09	5.5100407792e-08
1.17735077437e-09	-3.42065760606e-07
1.18676870447e-09	-6.82357551796e-07
1.19618663458e-09	-8.53314077176e-07
1.20560456469e-09	-7.88889281012e-07
1.2150224948e-09	-4.98086421885e-07
1.22444042491e-09	-6.64013839469e-08
1.23385835502e-09	3.71984867797e-07
1.24327628512e-09	6.81061010255e-07
1.25269421523e-09	7.708058547e-07
1.26211214534e-09	6.27489384897e-07
1.27153007545e-09	3.15177629773e-07
1.28094800556e-09	-5.10713782376e-08
1.29036593567e-09	-3.48888363533e-07
1.29978386577e-09	-4.91837397476e-07
1.30920179588e-09	-4.56142743133e-07
1.31861972599e-09	-2.823611851e-07
1.3280376561e-09	-5.35460635831e-08
1.33745558621e-09	1.39802338595e-07
1.34687351632e-09	2.33908622249e-07
1.35629144643e-09	2.12476493289e-07
1.36570937653e-09	1.07638030045e-07
1.37512730664e-09	-1.75407279812e-08
1.38454523675e-09	-9.7175295366e-08
1.39396316686e-09	-9.01696495248e-08
1.40338109697e-09	3.02485525516e-09
1.41279902708e-09	1.40528584325e-07
1.42221695718e-09	2.55865700183e-07
1.43163488729e-09	2.85152651713e-07
1.4410528174e-09	1.94273155785e-07
1.45047074751e-09	-4.59045335077e-09
1.45988867762e-09	-2.54043129644e-07
1.46930660773e-09	-4.7051358365e-07
1.47872453783e-09	-5.74517855512e-07
1.48814246794e-09	-5.20677019722e-07
1.49756039805e-09	-3.15775565696e-07
1.50697832816e-09	-1.75755836551e-08
1.51639625827e-09	2.85246443354e-07
1.52581418838e-09	5.04288891534e-07
1.53523211848e-09	5.81662561672e-07
1.54465004859e-09	5.07904189817e-07
1.5540679787e-09	3.2147218576e-07
1.56348590881e-09	9.12145310394e-08
1.57290383892e-09	-1.10292212696e-07
1.58232176903e-09	-2.31754313518e-07
1.59173969914e-09	-2.57379923596e-07
1.60115762924e-09	-2.06284738624e-07
1.61057555935e-09	-1.19355476613e-07
1.61999348946e-09	-4.03819839789e-08
1.62941141957e-09	3.9647929384e-10
1.63882934968e-09	-5.56766366344e-09
1.64824727979e-09	-4.6852754565e-08
1.65766520989e-09	-1.00867495689e-07
1.66708314e-09	-1.44547044556e-07
1.67650107011e-09	-1.62024122119e-07
1.68591900022e-09	-1.46928499589e-07
1.69533693033e-09	-1.00102191425e-07
1.70475486044e-09	-2.57352077426e-08
1.71417279054e-09	7.0866128965e-08
1.72359072065e-09	1.82358760981e-07
1.73300865076e-09	2.96249595522e-07
1.74242658087e-09	3.92398817439e-07
1.75184451098e-09	4.44174816039e-07
1.76126244109e-09	4.24619855721e-07
1.77068037119e-09	3.16388565125e-07
1.7800983013e-09	1.21744989201e-07
1.78951623141e-09	-1.31919605906e-07
1.79893416152e-09	-3.94561823214e-07
1.80835209163e-09	-6.04633783041e-07
1.81777002174e-09	-7.0620041015e-07
1.82718795185e-09	-6.66588107379e-07
1.83660588195e-09	-4.88375860641e-07
1.84602381206e-09	-2.10989426819e-07
1.85544174217e-09	9.94152671296e-08
1.86485967228e-09	3.68991607047e-07
1.87427760239e-09	5.37996129424e-07
1.8836955325e-09	5.78001674967e-07
1.8931134626e-09	4.98598069498e-07
1.90253139271e-09	3.41355757882e-07
1.91194932282e-09	1.63430712519e-07
1.92136725293e-09	1.69594649435e-08
1.93078518304e-09	-6.81460363694e-08
1.94020311315e-09	-9.1846160899e-08
1.94962104325e-09	-7.96805466052e-08
1.95903897336e-09	-6.88052566034e-08
1.96845690347e-09	-9.02993306795e-08
1.97787483358e-09	-1.54923256446e-07
1.98729276369e-09	-2.4794249498e-07
1.9967106938e-09	-3.3484164419e-07
2.0061286239e-09	-3.75375577732e-07
2.01554655401e-09	-3.40174807434e-07
2.02496448412e-09	-2.23253209697e-07
2.03438241423e-09	-4.55656774534e-08
2.04380034434e-09	1.51571185825e-07
2.05321827445e-09	3.20401994713e-07
2.06263620456e-09	4.22488682261e-07
2.07205413466e-09	4.40354455122e-07
2.08147206477e-09	3.81001655114e-07
2.09088999488e-09	2.70641095312e-07
2.10030792499e-09	1.4339956067e-07
2.1097258551e-09	2.88359398581e-08
2.11914378521e-09	-5.69179547938e-08
2.12856171531e-09	-1.13436591676e-07
2.13797964542e-09	-1.51658127834e-07
2.14739757553e-09	-1.85510870665e-07
2.15681550564e-09	-2.2342385364e-07
2.16623343575e-09	-2.63339529738e-07
2.17565136586e-09	-2.93031348519e-07
2.18506929596e-09	-2.9525298828e-07
2.19448722607e-09	-2.55320742326e-07
2.20390515618e-09	-1.67924952166e-07
2.21332308629e-09	-4.05469755549e-08
2.2227410164e-09	1.07650279801e-07
2.23215894651e-09	2.50772529853e-07
2.24157687661e-09	3.6295742234e-07
2.25099480672e-09	4.24532316856e-07
2.26041273683e-09	4.25738818421e-07
2.26983066694e-09	3.6738603626e-07
2.27924859705e-09	2.59063341446e-07
2.28866652716e-09	1.16243803916e-07
2.29808445727e-09	-4.24156638701e-08
2.30750238737e-09	-1.96939069497e-07
2.31692031748e-09	-3.27294657154e-07
2.32633824759e-09	-4.14830850559e-07
2.3357561777e-09	-4.44630700258e-07
2.34517410781e-09	-4.08798911167e-07
2.35459203792e-09	-3.09807774102e-07
2.36400996802e-09	-1.62355775046e-07
2.37342789813e-09	7.75655628615e-09
2.38284582824e-09	1.68353849972e-07
2.39226375835e-09	2.88435131779e-07
2.40168168846e-09	3.46433409959e-07
2.41109961857e-09	3.36382811383e-07
2.42051754867e-09	2.69617771664e-07
2.42993547878e-09	1.71028148088e-07
2.43935340889e-09	7.08597980292e-08
2.448771339e-09	-5.2044515364e-09
2.45818926911e-09	-4.41995915423e-08
2.46760719922e-09	-4.92752967318e-08
2.47702512933e-09	-3.70665595995e-08
2.48644305943e-09	-3.00221394411e-08
2.49586098954e-09	-4.66053293735e-08
2.50527891965e-09	-9.31072463572e-08
2.51469684976e-09	-1.60252184855e-07
2.52411477987e-09	-2.25936162224e-07
2.53353270998e-09	-2.63112525545e-07
2.54295064008e-09	-2.49905042438e-07
2.55236857019e-09	-1.78185942445e-07
2.5617865003e-09	-5.74709844159e-08
2.57120443041e-09	8.72549463793e-08
2.58062236052e-09	2.22935597094e-07
2.59004029063e-09	3.18374276276e-07
2.59945822073e-09	3.53241404127e-07
2.60887615084e-09	3.23189055962e-07
2.61829408095e-09	2.39678541902e-07
2.62771201106e-09	1.25062840084e-07
2.63712994117e-09	5.05113462168e-09
2.64654787128e-09	-9.86124319979e-08
2.65596580138e-09	-1.72867501647e-07
2.66538373149e-09	-2.14304350266e-07
2.6748016616e-09	-2.2676509559e-07
2.68421959171e-09	-2.17184748408e-07
2.69363752182e-09	-1.91700905816e-07
2.70305545193e-09	-1.53609789777e-07
2.71247338204e-09	-1.03734087986e-07
2.72189131214e-09	-4.25935411386e-08
2.73130924225e-09	2.69999809177e-08
2.74072717236e-09	9.83892576301e-08
2.75014510247e-09	1.61476037874e-07
2.75956303258e-09	2.05051406965e-07
2.76898096269e-09	2.2013065859e-07
2.77839889279e-09	2.02950431571e-07
2.7878168229e-09	1.56399167395e-07
2.79723475301e-09	8.93520279988e-08
2.80665268312e-09	1.42019320748e-08
2.81607061323e-09	-5.64344304621e-08
2.82548854334e-09	-1.12632420723e-07
2.83490647344e-09	-1.48769089492e-07
2.84432440355e-09	-1.63539539244e-07
2.85374233366e-09	-1.58761096714e-07
2.86316026377e-09	-1.37771237974e-07
2.87257819388e-09	-1.04228227826e-07
2.88199612399e-09	-6.17508533196e-08
2.89141405409e-09	-1.4285051364e-08
2.9008319842e-09	3.33482290671e-08
2.91024991431e-09	7.53799653808e-08
2.91966784442e-09	1.05868402045e-07
2.92908577453e-09	1.20208582643e-07
2.93850370464e-09	1.16759416358e-07
2.94792163475e-09	9.77773311206e-08
2.95733956485e-09	6.90413486382e-08
2.96675749496e-09	3.80942459799e-08
2.97617542507e-09	1.16652252302e-08
2.98559335518e-09	-6.71335609326e-09
2.99501128529e-09	-1.7846616629e-08
3.0044292154e-09	-2.61890438225e-08
3.0138471455e-09	-3.74739848041e-08
3.02326507561e-09	-5.55646053613e-08
3.03268300572e-09	-7.98510271238e-08
3.04210093583e-09	-1.04405913248e-07
3.05151886594e-09	-1.1945451206e-07
3.06093679605e-09	-1.14829532549e-07
3.07035472615e-09	-8.41918676997e-08
3.07977265626e-09	-2.84107244397e-08
3.08919058637e-09	4.33189590865e-08
3.09860851648e-09	1.152649034e-07
3.10802644659e-09	1.69441619846e-07
3.1174443767e-09	1.91026515495e-07
3.1268623068e-09	1.73076941223e-07
3.13628023691e-09	1.18915636449e-07
3.14569816702e-09	4.13382750253e-08
3.15511609713e-09	-4.10912903703e-08
3.16453402724e-09	-1.09418152761e-07
3.17395195735e-09	-1.49552391804e-07
3.18336988746e-09	-1.55741759045e-07
3.19278781756e-09	-1.31278923732e-07
3.20220574767e-09	-8.64563176606e-08
3.21162367778e-09	-3.46981821053e-08
3.22104160789e-09	1.16732001842e-08
3.230459538e-09	4.46290719935e-08
3.23987746811e-09	6.16919990648e-08
3.24929539821e-09	6.51737437352e-08
3.25871332832e-09	6.00185927624e-08
3.26813125843e-09	5.12891631388e-08
3.27754918854e-09	4.22906722974e-08
3.28696711865e-09	3.39123964466e-08
3.29638504876e-09	2.51960745601e-08
3.30580297886e-09	1.46342911123e-08
3.31522090897e-09	1.4880034982e-09
3.32463883908e-09	-1.34889894809e-08
3.33405676919e-09	-2.81718470774e-08
3.3434746993e-09	-3.98723649653e-08
3.35289262941e-09	-4.63827412034e-08
3.36231055951e-09	-4.6746254867e-08
3.37172848962e-09	-4.14366674306e-08
3.38114641973e-09	-3.19393187453e-08
3.39056434984e-09	-2.00064018685e-08
3.39998227995e-09	-7.00723967739e-09
3.40940021006e-09	6.32340757534e-09
3.41881814017e-09	1.96323579615e-08
3.42823607027e-09	3.23993596396e-08
3.43765400038e-09	4.34322835474e-08
3.44707193049e-09	5.07647754944e-08
3.4564898606e-09	5.20992848863e-08
3.46590779071e-09	4.5670184079e-08
3.47532572082e-09	3.11620844684e-08
3.48474365092e-09	1.0256646199e-08
3.49416158103e-09	-1.35072895091e-08
3.50357951114e-09	-3.55758693615e-08
3.51299744125e-09	-5.16526874605e-08
3.52241537136e-09	-5.89275863661e-08
3.53183330147e-09	-5.67892541881e-08
3.54125123157e-09	-4.67551188876e-08
3.55066916168e-09	-3.16930020006e-08
3.56008709179e-09	-1.46741729878e-08
3.5695050219e-09	2.02630134893e-09
3.57892295201e-09	1.73658243341e-08
3.58834088212e-09	3.12583949835e-08
3.59775881222e-09	4.37634426476e-08
3.60717674233e-09	5.41965192724e-08
3.61659467244e-09	6.06567738259e-08
3.62601260255e-09	6.03162035873e-08
3.63543053266e-09	5.04565953463e-08
3.64484846277e-09	2.98877225191e-08
3.65426639288e-09	1.44699807691e-10
3.66368432298e-09	-3.41253745262e-08
3.67310225309e-09	-6.58994210312e-08
3.6825201832e-09	-8.75374013276e-08
3.69193811331e-09	-9.30360286588e-08
3.70135604342e-09	-8.00141393142e-08
3.71077397353e-09	-5.07074986444e-08
3.72019190363e-09	-1.15719487326e-08
3.72960983374e-09	2.84415015983e-08
3.73902776385e-09	6.03890342177e-08
3.74844569396e-09	7.7805431431e-08
3.75786362407e-09	7.83523930181e-08
3.76728155418e-09	6.41350155206e-08
3.77669948428e-09	4.06638349659e-08
3.78611741439e-09	1.48809498057e-08
3.7955353445e-09	-7.03065383689e-09
3.80495327461e-09	-2.13263930959e-08
3.81437120472e-09	-2.73648641524e-08
3.82378913483e-09	-2.71630131721e-08
3.83320706493e-09	-2.41279156654e-08
3.84262499504e-09	-2.15194440045e-08
3.85204292515e-09	-2.12094199981e-08
3.86146085526e-09	-2.3153075901e-08
3.87087878537e-09	-2.56555807709e-08
3.88029671548e-09	-2.62406043561e-08
3.88971464559e-09	-2.27210517068e-08
3.89913257569e-09	-1.40697222761e-08
3.9085505058e-09	-8.05784328151e-10
3.91796843591e-09	1.5157127109e-08
3.92738636602e-09	3.10668468728e-08
3.93680429613e-09	4.40448957306e-08
3.94622222624e-09	5.1705949744e-08
3.95564015634e-09	5.25474987967e-08
3.96505808645e-09	4.60885729581e-08
3.97447601656e-09	3.28363860547e-08
3.98389394667e-09	1.41911025153e-08
3.99331187678e-09	-7.66695329446e-09
4.00272980689e-09	-2.99144566895e-08
4.01214773699e-09	-4.93296710147e-08
4.0215656671e-09	-6.2700777903e-08
4.03098359721e-09	-6.74045423921e-08
4.04040152732e-09	-6.20355464775e-08
4.04981945743e-09	-4.69034873163e-08
4.05923738754e-09	-2.41897186726e-08
4.06865531765e-09	2.35716335339e-09
4.07807324775e-09	2.81711898253e-08
4.08749117786e-09	4.88750018235e-08
4.09690910797e-09	6.12589801108e-08
4.10632703808e-09	6.39320774098e-08
4.11574496819e-09	5.74615768301e-08
4.1251628983e-09	4.39769394234e-08
4.1345808284e-09	2.64180997078e-08
4.14399875851e-09	7.70348940193e-09
4.15341668862e-09	-9.89051418543e-09
4.16283461873e-09	-2.49624090287e-08
4.17225254884e-09	-3.68253409988e-08
4.18167047895e-09	-4.51117259104e-08
4.19108840905e-09	-4.93899356968e-08
4.20050633916e-09	-4.90156573107e-08
4.20992426927e-09	-4.33152038681e-08
4.21934219938e-09	-3.20272803833e-08
4.22876012949e-09	-1.57930362121e-08
4.2381780596e-09	3.56506801857e-09
4.2475959897e-09	2.31654055938e-08
4.25701391981e-09	3.96285066984e-08
4.26643184992e-09	4.99213328453e-08
4.27584978003e-09	5.22053227314e-08
4.28526771014e-09	4.63832598996e-08
4.29468564025e-09	3.41287034189e-08
4.30410357036e-09	1.83778166019e-08
4.31352150046e-09	2.44909559299e-09
4.32293943057e-09	-1.09022924022e-08
4.33235736068e-09	-2.01676204625e-08
4.34177529079e-09	-2.52831231506e-08
4.3511932209e-09	-2.73070863699e-08
4.36061115101e-09	-2.77310547858e-08
4.37002908111e-09	-2.77103779922e-08
4.37944701122e-09	-2.75250044979e-08
4.38886494133e-09	-2.64678234885e-08
4.39828287144e-09	-2.31993499966e-08
4.40770080155e-09	-1.64149032145e-08
4.41711873166e-09	-5.56130741458e-09
4.42653666176e-09	8.68062599579e-09
4.43595459187e-09	2.43369129294e-08
4.44537252198e-09	3.85354610444e-08
4.45479045209e-09	4.82332040974e-08
4.4642083822e-09	5.10303799217e-08
4.47362631231e-09	4.5824975814e-08
4.48304424241e-09	3.31131424502e-08
4.49246217252e-09	1.48793972699e-08
4.50188010263e-09	-5.86433435146e-09
4.51129803274e-09	-2.57278642835e-08
4.52071596285e-09	-4.16021883609e-08
4.53013389296e-09	-5.11766664602e-08
4.53955182307e-09	-5.32415533883e-08
4.54896975317e-09	-4.77662140952e-08
4.55838768328e-09	-3.58013210189e-08
4.56780561339e-09	-1.92620088768e-08
4.5772235435e-09	-6.32593755157e-10
4.58664147361e-09	1.73724075125e-08
4.59605940372e-09	3.21898205868e-08
4.60547733382e-09	4.17852632495e-08
4.61489526393e-09	4.49876509379e-08
4.62431319404e-09	4.16960190819e-08
4.63373112415e-09	3.28945475303e-08
4.64314905426e-09	2.04377901269e-08
4.65256698437e-09	6.6391443454e-09
4.66198491447e-09	-6.24201268451e-09
4.67140284458e-09	-1.64769353717e-08
4.68082077469e-09	-2.31680026275e-08
4.6902387048e-09	-2.62896584502e-08
4.69965663491e-09	-2.64739803413e-08
4.70907456502e-09	-2.46302906959e-08
4.71849249512e-09	-2.15475512988e-08
4.72791042523e-09	-1.7629584903e-08
4.73732835534e-09	-1.28559065615e-08
4.74674628545e-09	-6.97145630113e-09
4.75616421556e-09	1.87967849619e-10
4.76558214567e-09	8.38250358015e-09
4.77500007578e-09	1.68077960438e-08
4.78441800588e-09	2.41744775309e-08
4.79383593599e-09	2.90145898418e-08
4.8032538661e-09	3.01109821521e-08
4.81267179621e-09	2.68962736527e-08
4.82208972632e-09	1.9674967433e-08
4.83150765643e-09	9.58884083246e-09
4.84092558653e-09	-1.66512470479e-09
4.85034351664e-09	-1.22612409115e-08
4.85976144675e-09	-2.06699599659e-08
4.86917937686e-09	-2.59484167486e-08
4.87859730697e-09	-2.78155312117e-08
4.88801523708e-09	-2.6528995889e-08
4.89743316718e-09	-2.2645172848e-08
4.90685109729e-09	-1.67780065397e-08
4.9162690274e-09	-9.46272837865e-09
4.92568695751e-09	-1.16315868048e-09
4.93510488762e-09	7.60806084799e-09
4.94452281773e-09	1.61442823554e-08
4.95394074783e-09	2.34766392992e-08
4.96335867794e-09	2.84564425357e-08
4.97277660805e-09	2.9989458028e-08
4.98219453816e-09	2.7359062571e-08
4.99161246827e-09	2.05232222328e-08
5.00103039838e-09	1.0267702244e-08
5.01044832849e-09	-1.85900872474e-09
5.01986625859e-09	-1.38325377819e-08
5.0292841887e-09	-2.35859296538e-08
